0.00
0.00
0.00
0.00
0.00
0.00
0.00
0.00
0.00
0.00
0.00
0.00
0.00
0.00
0.00
0.00
0.00
0.00
0.00
0.00
0.00
0.00
0.00
0.00
0.00
0.00
0.00
0.00
0.00
0.00
0.00
0.00
0.00
0.00
0.00
0.00
0.00
0.00
0.00
0.00
0.00
0.00
0.00
0.00
0.00
0.00
0.00
0.00
0.00
0.00
0.00
0.00
0.00
0.00
0.00
0.00
0.00
0.00
0.00
0.00
0.00
0.00
0.00
0.00
0.00
0.00
0.00
0.00
0.00
0.00
0.00
0.00
0.00
0.00
0.00
0.00
0.00
0.00
0.00
0.00
0.00
0.00
0.00
0.00
0.00
0.00
0.00
0.00
0.00
0.00
0.00
0.00
0.00
0.00
0.00
0.00
0.00
0.00
0.00
0.00
0.00
0.00
0.00
0.00
0.00
0.00
0.00
0.00
0.00
0.00
0.00
0.00
0.00
0.00
0.00
0.00
0.00
0.00
0.00
0.00
0.00
0.00
0.00
0.00
0.00
0.00
0.00
0.00
0.00
0.00
0.00
0.00
0.00
0.00
0.00
0.00
0.00
0.00
0.00
0.00
0.00
0.00
0.00
0.00
0.00
0.00
0.00
0.00
0.00
0.00
0.00
0.00
0.00
0.00
0.00
0.00
0.00
0.00
0.00
0.00
0.00
0.00
0.00
0.00
0.00
0.00
0.00
0.00
0.00
0.00
0.00
0.00
0.00
0.00
0.00
0.00
0.00
0.00
0.00
0.00
0.00
0.00
0.00
0.00
0.00
0.00
0.00
0.00
0.00
0.00
0.00
0.00
0.00
0.00
0.00
0.00
0.00
0.00
0.00
0.00
0.00
0.00
0.00
0.00
0.00
0.00
0.00
0.00
0.00
0.00
0.00
0.00
0.00
0.00
0.00
0.00
0.00
0.00
0.00
0.00
0.00
0.00
0.00
0.00
0.00
0.00
0.00
0.00
0.00
0.00
0.00
0.00
0.00
0.00
0.00
0.00
0.00
0.00
0.00
0.00
0.00
0.00
0.00
0.00
0.00
0.00
0.00
0.00
0.00
0.00
0.00
0.00
0.00
0.00
0.00
0.00
0.00
0.00
0.00
0.00
0.00
0.00
0.00
0.00
0.00
0.00
0.00
0.00
0.00
0.00
0.00
0.00
0.00
0.00
0.00
0.00
0.00
0.00
0.00
0.00
0.00
0.00
0.00
0.00
0.00
0.00
0.00
0.00
0.00
0.00
0.00
0.00
0.00
0.00
0.00
0.00
0.00
0.01
0.02
0.03
0.07
0.12
0.20
0.32
0.47
0.49
0.53
0.70
0.89
1.02
2.48
3.02
1.81
2.15
2.40
3.06
3.52
3.82
5.15
5.43
4.99
4.81
5.14
5.46
7.30
8.57
9.73
10.50
9.98
10.70
10.54
12.52
10.24
11.23
11.89
12.97
13.68
13.95
13.71
15.87
16.63
16.85
17.60
20.14
20.36
21.19
21.36
20.10
21.56
20.86
16.97
17.55
18.96
19.58
18.45
15.40
17.73
18.26
17.80
18.30
16.72
17.17
17.63
16.96
16.23
14.26
14.60
14.95
15.30
16.96
18.68
19.09
18.11
18.50
20.34
22.24
22.69
23.15
25.17
22.45
26.14
21.64
22.03
24.16
24.59
25.02
25.45
25.88
26.31
26.75
29.12
29.59
30.06
38.66
37.19
44.05
38.32
41.04
37.26
37.79
33.82
34.29
30.13
35.24
35.71
38.60
36.66
37.14
35.11
33.01
33.42
33.84
34.25
37.33
37.78
35.50
38.67
44.71
42.39
45.73
40.46
40.91
41.36
41.81
42.26
42.71
43.15
49.83
50.35
63.57
61.00
71.34
62.22
62.83
63.44
70.80
74.87
82.45
83.22
83.99
70.63
85.53
86.30
90.70
98.82
95.99
100.55
97.66
94.70
95.50
84.75
81.57
82.24
71.07
67.66
56.17
60.66
69.29
78.05
82.79
83.43
79.86
88.94
93.87
103.17
86.61
257.37
408.63
416.00
427.90
404.00
411.36
409.69
394.19
392.29
399.61
402.32
405.02
379.28
381.79
355.47
352.96
389.30
421.19
423.87
426.56
429.23
457.02
424.48
411.83
419.46
416.85
419.35
427.06
429.59
426.85
365.73
410.50
407.50
442.18
444.69
447.19
433.24
474.25
532.31
524.08
532.53
479.05
481.62
444.31
125.98
138.15
133.09
122.14
122.77
135.15
135.84
136.52
137.20
137.88
150.61
151.35
158.17
165.05
153.56
148.12
142.62
143.29
137.70
132.05
126.34
120.58
121.12
128.08
128.65
122.76
116.82
123.85
124.39
124.93
132.07
132.64
133.20
147.14
174.62
168.61
169.31
170.00
163.87
164.53
165.20
172.77
173.46
174.14
174.83
168.49
169.14
176.87
177.55
178.22
186.05
186.74
187.44
195.37
174.30
182.22
182.89
161.52
162.10
170.07
170.67
171.27
164.39
187.45
188.10
241.59
280.28
311.63
320.30
329.01
399.19
408.20
409.53
604.65
606.59
413.48
438.27
785.09
787.54
789.99
792.42
794.85
797.27
799.67
802.07
804.46
806.84
590.72
527.52
504.63
522.41
229.21
229.86
255.20
239.40
256.62
257.33
249.71
250.39
259.43
302.09
378.61
388.05
372.15
373.12
357.08
357.99
299.09
299.84
858.84
860.98
863.11
865.23
867.34
869.43
871.52
873.59
875.66
877.71
879.75
881.79
883.81
885.82
887.82
889.80
891.78
893.75
895.70
897.65
899.58
901.50
903.41
887.20
907.19
909.07
910.93
912.79
914.63
916.46
918.28
920.08
921.88
923.66
925.43
927.19
928.94
930.68
932.40
934.11
935.82
937.50
939.18
940.85
942.50
944.14
945.77
947.38
948.99
950.58
952.16
953.73
955.28
956.83
958.36
959.88
961.38
962.88
964.36
965.83
967.28
968.73
970.16
971.58
856.22
837.96
878.18
234.51
244.62
254.75
255.10
216.14
226.27
226.57
236.72
266.65
276.88
277.23
257.75
258.06
258.37
278.58
278.91
289.21
289.54
279.87
280.19
500.89
571.64
602.38
603.02
633.84
604.28
715.80
807.34
808.15
808.94
880.57
881.41
882.24
974.40
965.13
965.99
1007.55
1018.61
1019.48
1020.34
1021.18
1022.01
1022.82
1023.62
1003.92
1004.68
974.65
975.36
821.94
606.61
565.87
566.25
546.02
412.36
412.62
443.84
464.76
465.04
434.28
393.15
393.36
393.57
393.78
404.35
394.17
342.47
353.02
342.79
374.12
384.67
395.23
676.33
759.86
770.56
770.84
771.10
792.21
771.61
636.25
646.87
605.30
605.46
605.62
626.65
637.24
658.27
647.95
428.56
418.18
428.70
397.39
407.90
418.41
355.69
345.26
313.90
313.92
293.00
272.08
282.56
293.02
282.56
282.55
711.59
460.42
439.47
408.05
418.48
972.87
951.84
951.73
930.68
920.09
689.95
710.74
689.70
700.01
658.07
657.92
490.71
490.58
511.32
490.31
709.18
886.19
885.91
906.44
906.13
832.91
832.60
821.87
811.14
727.64
706.54
716.61
778.57
674.44
663.74
570.12
714.87
745.56
662.36
651.65
671.95
764.55
867.35
856.50
959.09
886.34
885.76
885.17
915.43
925.08
267.06
225.81
225.64
194.73
143.37
143.26
143.15
153.25
142.92
142.80
142.68
162.92
162.78
172.80
172.64
172.49
172.33
162.04
161.88
171.83
171.66
191.67
191.47
221.48
211.19
251.15
270.95
701.71
660.89
550.13
529.52
518.94
528.31
428.12
417.67
446.97
466.27
455.79
583.87
741.27
720.59
739.38
748.26
983.25
972.12
921.78
910.74
733.45
693.37
702.15
720.63
739.04
728.26
407.23
532.48
725.03
965.24
963.77
962.28
960.78
959.27
957.75
956.21
954.66
953.10
951.53
949.95
948.35
946.74
945.12
943.48
941.84
930.78
938.51
936.83
935.14
933.43
931.71
632.39
631.21
555.89
490.10
424.56
423.73
468.87
495.48
503.65
402.11
401.30
391.38
381.49
389.77
379.91
388.14
414.34
413.45
412.56
859.12
857.24
828.62
889.01
887.02
885.01
883.00
880.97
878.94
876.89
874.83
872.76
870.69
764.36
840.50
829.81
784.66
619.29
677.81
727.46
674.40
672.68
679.45
491.33
312.62
320.22
302.57
360.44
426.35
433.54
440.68
398.01
537.49
544.24
550.94
631.39
629.60
709.33
682.90
672.82
670.86
668.89
506.21
592.82
311.50
302.59
309.61
348.24
347.17
267.43
266.60
257.94
249.33
264.07
216.77
216.07
230.75
245.33
450.84
456.95
447.84
461.46
437.28
450.81
426.80
462.64
475.90
489.05
723.61
721.04
425.21
284.89
436.70
572.90
570.79
583.08
580.91
643.04
711.80
709.10
706.39
703.67
700.95
698.22
431.20
297.88
289.79
281.76
273.78
272.67
230.82
243.40
235.66
315.14
320.49
312.49
311.17
316.43
301.94
287.56
292.81
343.35
341.84
244.00
249.30
241.81
234.38
245.92
244.79
249.90
230.08
241.38
227.92
226.83
207.44
236.80
235.65
228.48
185.48
184.56
130.32
135.56
123.15
122.52
121.89
115.49
126.38
120.00
108.00
107.43
101.23
89.50
89.01
88.52
93.54
93.02
92.50
86.57
96.84
96.29
106.38
105.76
105.15
104.53
109.11
113.63
112.95
117.37
131.87
131.06
125.24
149.36
148.42
142.57
156.32
169.88
163.97
167.69
166.59
170.22
173.79
172.63
157.56
174.90
191.98
195.20
193.84
192.48
191.12
357.45
346.12
334.91
336.79
287.16
212.71
181.56
188.58
191.30
189.84
180.18
154.40
149.15
143.97
138.86
157.41
156.13
150.98
211.17
209.40
283.15
280.75
282.06
283.30
280.83
321.74
315.30
312.48
316.70
313.81
307.47
304.61
339.05
335.84
332.63
329.42
326.21
323.00
319.79
316.58
313.38
310.17
306.96
297.68
300.55
297.35
294.15
290.95
287.75
284.55
281.35
275.37
274.96
271.77
268.58
265.39
262.21
259.02
255.84
252.66
249.49
246.31
206.67
201.58
198.92
198.60
193.61
193.23
204.01
205.56
132.91
122.41
126.97
177.21
174.56
194.15
163.28
158.77
156.25
159.44
162.44
161.59
158.87
150.84
149.98
147.34
168.27
165.22
162.18
159.15
156.12
153.10
150.09
147.09
144.10
132.65
129.86
127.07
129.59
84.04
101.09
98.75
96.43
105.88
104.43
46.99
44.70
45.66
51.69
50.28
49.86
47.49
41.50
40.27
39.04
48.75
42.31
34.63
34.23
29.38
24.80
23.90
21.69
20.86
19.43
19.80
20.09
19.22
18.88
18.01
17.16
18.08
17.16
16.66
19.88
12.39
10.66
10.33
9.97
9.31
7.40
7.58
6.80
5.86
5.38
5.26
4.79
4.20
3.27
2.82
2.51
2.21
1.86
1.68
1.50
1.33
1.11
0.95
0.72
0.60
0.51
0.40
0.30
0.21
0.14
0.10
0.08
0.08
0.02
0.01
0.00
0.00
0.00
0.00
0.00
0.00
0.00
0.00
0.00
0.00
0.00
0.00
0.00
0.00
0.00
0.00
0.00
0.00
0.00
0.00
0.00
0.00
0.00
0.00
0.00
0.00
0.00
0.00
0.00
0.00
0.00
0.00
0.00
0.00
0.00
0.00
0.00
0.00
0.00
0.00
0.00
0.00
0.00
0.00
0.00
0.00
0.00
0.00
0.00
0.00
0.00
0.00
0.00
0.00
0.00
0.00
0.00
0.00
0.00
0.00
0.00
0.00
0.00
0.00
0.00
0.00
0.00
0.00
0.00
0.00
0.00
0.00
0.00
0.00
0.00
0.00
0.00
0.00
0.00
0.00
0.00
0.00
0.00
0.00
0.00
0.00
0.00
0.00
0.00
0.00
0.00
0.00
0.00
0.00
0.00
0.00
0.00
0.00
0.00
0.00
0.00
0.00
0.00
0.00
0.00
0.00
0.00
0.00
0.00
0.00
0.00
0.00
0.00
0.00
0.00
0.00
0.00
0.00
0.00
0.00
0.00
0.00
0.00
0.00
0.00
0.00
0.00
0.00
0.00
0.00
0.00
0.00
0.00
0.00
0.00
0.00
0.00
0.00
0.00
0.00
0.00
0.00
0.00
0.00
0.00
0.00
0.00
0.00
0.00
0.00
0.00
0.00
0.00
0.00
0.00
0.00
0.00
0.00
0.00
0.00
0.00
0.00
0.00
0.00
0.00
