53
53
53
53
53
208
208
208
208
208
208
208
208
208
208
208
208
208
208
398
398
398
398
398
398
243
243
243
243
243
243
243
243
53
53
53
53
53
53
53
53
53
53
53
53
53
53
53
53
53
53
53
53
53
53
53
53
53
53
53
53
53
53
53
53
53
53
53
53
53
183
183
183
183
183
183
183
183
183
183
183
183
183
183
183
183
183
183
53
53
53
53
53
53
53
53
53
53
53
53
53
53
53
53
208
208
208
208
208
208
208
208
208
208
398
398
398
398
398
398
398
398
398
398
243
243
243
243
53
53
53
53
53
53
53
53
53
53
53
53
53
53
53
183
183
183
183
183
183
183
183
183
183
183
183
183
183
183
183
183
183
53
53
53
53
53
53
53
53
53
53
53
53
53
53
53
53
53
53
53
53
53
53
53
53
208
208
208
208
398
398
398
398
398
398
398
398
398
398
398
398
398
398
208
208
53
53
53
53
53
53
53
53
53
53
53
53
53
53
53
53
183
183
183
183
183
183
183
183
183
183
183
183
183
183
183
183
183
183
53
53
53
53
53
53
53
53
53
53
53
53
53
53
53
53
53
53
53
53
53
53
53
53
53
53
53
53
53
53
53
53
53
53
243
243
243
243
243
243
243
243
243
243
243
243
243
243
53
53
53
53
53
53
53
53
53
53
53
53
53
53
53
183
183
183
183
183
183
183
183
183
183
183
183
183
183
183
183
183
183
53
53
53
53
53
53
53
53
53
53
53
53
208
208
208
208
208
208
208
208
208
208
208
208
208
208
398
398
398
398
398
398
243
243
243
243
243
243
243
243
53
53
53
53
53
53
53
53
53
53
53
53
53
53
53
53
53
53
53
183
183
183
183
183
183
183
183
183
183
183
183
183
183
338
338
338
338
208
208
208
208
208
208
208
208
208
208
208
208
208
208
208
208
53
53
53
53
53
53
53
53
53
243
243
243
243
243
243
243
243
243
243
243
243
243
243
53
53
53
53
53
53
53
53
53
53
53
53
53
53
53
53
53
185
185
53
53
53
53
53
53
53
208
208
208
208
208
208
208
208
208
208
208
508
508
508
508
508
540
600
600
730
2244
2244
2244
575
575
575
575
575
575
575
575
575
575
575
275
275
275
195
53
53
53
53
53
53
53
53
53
53
53
53
53
53
53
53
53
53
53
53
53
53
53
243
243
243
243
243
243
243
243
243
243
398
398
398
398
208
208
208
208
208
208
208
208
208
208
208
208
208
208
208
208
53
53
53
53
53
183
183
183
183
183
183
183
183
183
183
183
183
183
183
183
183
183
183
53
53
53
53
53
53
53
53
53
53
53
53
53
53
53
53
53
208
208
208
208
208
208
208
208
208
208
208
208
208
208
208
398
398
398
398
528
373
373
373
373
373
373
373
373
373
183
183
183
183
183
183
183
183
53
53
53
53
53
53
53
53
53
53
53
53
53
53
53
53
53
53
53
53
53
53
53
53
53
53
53
53
53
53
53
208
208
208
208
208
208
208
208
208
208
208
208
208
208
208
208
208
208
208
208
53
53
53
53
53
53
53
53
53
227
227
227
227
227
227
227
227
227
227
227
227
227
227
227
227
227
227
227
227
227
227
227
227
227
227
227
227
417
417
417
417
417
417
417
417
417
417
547
547
547
547
357
357
357
357
357
357
357
357
357
325
325
325
325
325
195
650
650
650
650
650
650
650
650
650
650
650
650
650
650
690
690
650
650
650
650
495
495
495
495
495
495
495
495
495
495
495
495
495
495
495
495
495
495
511
511
511
511
511
511
511
511
511
511
511
511
511
511
511
511
511
511
511
511
511
511
511
511
511
511
511
522
712
712
3406
3406
3406
3406
3406
3406
3406
3406
3406
3406
3406
3536
3346
3346
3346
2877
2877
2877
2877
2877
2877
2877
2877
2877
2877
3046
3046
3046
3046
2916
2916
3071
3071
3071
3071
3195
3195
3195
3195
3195
3179
3179
3179
3055
3055
3055
3055
3055
3055
3055
3055
2900
2900
2900
2900
2900
2900
2900
2900
2900
206
206
206
206
206
206
206
206
206
206
206
206
338
528
528
528
528
528
528
528
517
517
517
517
517
517
517
327
343
343
343
383
383
383
383
383
383
383
383
538
538
438
438
438
438
438
438
398
398
398
398
398
398
398
398
398
398
398
398
243
243
243
254
254
254
254
254
384
384
516
516
516
516
516
516
183
183
183
183
183
183
183
183
183
373
243
243
243
243
243
243
243
243
243
243
243
243
243
53
53
53
53
53
53
53
53
53
53
53
53
53
53
53
53
53
53
53
53
53
53
53
53
53
53
53
386
386
386
386
386
386
386
386
386
386
386
386
386
370
370
370
370
370
370
370
370
370
370
370
370
370
370
370
370
370
370
370
370
370
370
370
370
370
370
354
354
354
354
354
354
544
544
544
544
544
402
402
532
532
532
552
420
420
420
230
219
219
219
219
219
219
219
219
219
219
213
245
245
400
400
700
700
700
700
400
400
400
400
400
400
400
400
400
400
400
276
276
276
121
121
121
121
121
121
105
105
105
105
105
105
105
105
105
105
105
105
1774
1774
1774
105
105
105
105
105
105
105
105
105
105
105
105
105
105
105
105
105
105
105
121
121
101
101
101
101
101
291
291
291
291
259
259
259
259
259
259
259
259
259
259
2229
2229
2229
2229
2359
2359
2359
2359
2483
2483
2483
2483
2483
2483
2494
2494
2494
2494
2494
2494
334
466
336
636
636
791
791
791
791
791
791
791
791
791
791
791
791
791
791
775
775
775
775
775
775
620
620
620
620
620
620
620
620
620
320
1989
1989
1989
320
340
340
530
530
530
530
530
530
530
530
630
630
630
630
630
630
440
440
440
440
440
440
440
440
420
452
607
607
596
596
596
596
596
596
646
657
607
607
607
607
607
607
717
717
557
557
752
752
752
752
752
872
884
844
844
824
824
836
796
796
796
796
796
672
802
502
502
502
502
502
502
502
502
552
542
502
542
542
692
692
692
842
712
712
712
712
712
1167
1243
1243
1243
1243
953
1013
1013
1013
1013
1013
981
1021
961
961
961
961
961
961
961
806
855
855
855
855
795
795
795
795
827
827
827
827
827
767
767
767
767
817
757
757
857
857
797
857
857
857
857
857
807
937
937
937
937
937
877
877
877
877
877
877
861
861
901
769
901
901
901
771
771
771
771
909
909
909
869
909
909
909
919
919
919
919
919
559
559
369
429
369
369
380
380
380
380
380
380
440
440
440
440
440
440
348
448
572
572
572
572
572
872
872
932
932
932
632
632
632
620
620
636
596
596
628
628
628
628
928
928
928
988
688
688
688
688
788
1088
988
688
688
688
