71
371
371
371
371
371
371
371
371
371
31
31
31
31
31
31
31
31
31
31
31
31
31
31
31
31
31
31
31
31
31
31
31
31
31
31
31
31
31
31
31
31
31
31
31
31
31
31
31
31
31
31
31
31
31
31
31
31
31
31
31
31
31
31
31
31
31
31
31
31
31
31
31
31
31
31
31
31
31
31
31
31
31
31
31
31
31
31
31
31
31
31
31
31
31
31
31
31
31
31
31
31
31
31
31
31
31
31
31
31
31
31
31
31
31
31
31
31
31
31
31
31
31
31
31
31
31
31
31
31
31
31
31
31
31
31
31
31
31
31
31
31
31
31
31
31
31
31
31
31
31
31
31
31
31
31
31
31
31
31
31
31
31
31
31
31
31
31
31
31
31
31
31
31
31
31
31
31
31
31
31
31
31
31
31
31
31
31
31
31
31
31
31
31
31
31
31
31
31
31
31
31
31
31
31
31
31
31
31
31
31
31
31
31
31
31
31
31
31
31
31
31
31
31
31
31
31
31
31
31
31
31
31
31
31
31
31
31
31
31
31
31
31
31
31
31
31
31
31
31
31
31
31
31
31
31
31
31
31
31
31
31
31
31
31
31
31
31
31
31
31
31
31
31
31
31
31
31
31
31
31
31
31
31
31
31
31
31
31
31
31
31
31
31
31
31
31
31
31
31
31
31
31
31
31
31
31
31
31
31
31
31
31
31
31
31
31
31
31
31
31
31
31
31
31
31
31
31
31
31
31
31
31
31
31
31
31
31
31
31
31
31
31
31
31
31
31
31
31
31
31
31
31
31
31
31
31
31
31
31
31
31
31
31
31
31
31
31
31
31
31
31
31
31
31
31
31
31
31
31
31
31
31
31
31
31
31
31
31
31
31
31
31
31
31
31
31
31
31
31
31
31
31
31
31
31
31
31
31
31
31
31
31
31
31
31
31
31
31
31
31
31
31
31
31
31
31
31
31
31
31
31
31
31
31
31
31
31
31
31
31
31
31
31
31
31
31
31
31
31
31
31
31
31
31
31
31
31
31
31
31
31
31
31
31
31
31
31
31
31
31
31
31
31
31
31
31
31
31
31
31
31
31
31
31
31
31
31
31
31
31
31
31
31
31
31
31
31
31
31
31
31
31
31
31
31
31
31
31
31
31
31
31
31
31
31
31
31
31
31
31
31
31
31
31
31
31
31
31
31
31
31
31
31
31
31
31
31
31
31
31
31
31
31
31
31
31
31
31
31
31
31
31
31
31
31
31
31
31
31
31
31
31
31
31
31
31
31
31
31
31
2133
2133
2133
31
31
31
31
31
31
31
31
31
31
31
31
31
31
31
31
31
31
31
31
31
31
31
31
31
31
31
31
31
31
31
31
31
31
31
31
31
31
31
31
31
31
31
31
31
31
31
31
136
136
136
136
136
136
136
196
136
136
136
136
136
136
136
136
136
136
136
136
136
136
136
136
136
136
136
136
136
136
136
136
136
136
136
136
31
31
31
31
31
31
31
31
31
31
31
31
31
31
31
31
31
31
31
31
31
136
136
136
136
136
268
268
268
268
2370
2370
2370
268
268
268
268
268
268
268
268
268
268
268
268
268
268
268
268
268
268
268
268
2364
2364
2364
2364
2364
2364
2364
2364
2364
2364
2364
2364
2364
2364
2364
2364
2364
2499
2499
2499
403
403
403
403
2505
2505
2505
403
403
443
443
443
443
403
403
298
298
298
298
298
298
298
177
177
177
177
177
177
177
177
177
177
177
177
177
177
177
177
177
177
177
177
177
177
177
177
177
2279
2414
2414
312
312
312
312
312
312
312
312
312
312
312
312
312
312
312
312
312
312
312
312
312
312
312
312
312
312
312
312
312
312
312
2414
2400
2400
298
298
298
298
298
298
298
298
298
298
298
298
298
298
298
298
298
298
1509
1509
1509
1374
1374
1374
1374
3476
3476
3476
1374
1374
1374
1374
1374
1374
1374
1374
1374
1374
1374
1374
1374
1374
1374
1374
1374
1374
1374
1374
1374
1374
1374
1374
1374
1374
1374
1479
1479
1479
1513
1513
1513
1513
1513
1513
1513
1513
1513
1513
1513
1513
1513
1513
1513
1527
1527
1527
1527
4426
3215
3215
3215
3215
3215
3215
3215
3215
3215
3215
3215
3215
3215
3215
3215
316
316
316
316
316
316
316
316
316
316
316
316
316
316
316
316
316
316
316
316
316
316
316
316
316
316
316
316
316
316
316
316
316
316
316
316
316
316
282
282
268
268
268
268
268
268
268
268
268
268
268
268
268
268
268
268
268
268
268
268
268
268
268
2370
2370
2370
268
268
268
268
268
268
268
268
268
268
1347
1347
1347
1347
1347
1381
31
31
31
31
31
31
31
31
31
31
31
31
31
31
31
31
31
31
31
31
31
31
31
31
31
31
31
31
31
31
31
31
31
31
31
31
31
31
31
31
31
31
31
31
31
31
31
31
31
31
31
31
31
31
31
31
31
31
31
31
1381
1381
1381
1381
1395
1395
1395
1395
1395
1395
1395
1395
1395
1395
1395
1395
1395
1395
1395
1395
1395
1395
1395
1395
1395
1395
1395
1395
1395
1395
1395
1395
1395
1395
1395
1395
1395
1395
1395
1395
1395
1395
1395
1395
1395
1395
1395
1395
1395
1395
1395
1395
1395
1395
184
184
184
184
184
184
184
184
184
184
170
170
170
1381
1381
1381
1381
1381
1347
1347
1347
1347
1347
1347
1347
1347
1347
2237
2237
2237
1361
1361
1361
1361
1395
1395
1395
1530
1425
1425
1425
1425
1425
1425
1425
1425
31
31
31
31
31
31
31
31
31
31
31
31
31
31
31
31
31
31
31
31
1425
1425
1425
1425
1425
1425
1425
1425
1425
1425
1425
1425
1425
1425
1425
1425
1425
1425
1425
1425
1425
1395
1290
1290
1290
1290
1290
379
484
184
184
184
79
79
316
316
316
316
316
316
316
316
316
316
302
302
2404
2504
2504
402
31
31
31
31
31
31
31
31
31
31
31
31
31
31
31
31
31
31
31
31
31
31
31
31
31
31
31
31
31
31
31
31
31
31
31
31
31
31
31
31
302
302
302
602
602
602
707
707
602
602
302
268
268
268
268
268
268
268
268
268
268
268
268
268
268
268
268
268
268
268
31
31
31
31
31
31
31
31
31
31
31
31
31
31
31
31
31
31
31
31
31
31
31
31
31
31
31
31
31
31
31
31
31
31
31
31
31
31
31
31
31
31
31
31
31
31
31
31
31
31
268
268
268
308
308
308
308
308
308
308
308
308
308
308
308
308
308
308
308
308
308
308
308
308
308
308
342
342
342
342
342
342
342
442
442
442
342
342
342
342
342
342
342
342
402
702
642
702
642
642
642
642
342
342
342
342
342
342
342
402
402
402
402
562
562
562
462
762
762
662
2764
2764
2764
2764
2764
2764
662
2704
2704
2704
602
602
602
602
602
602
602
602
602
602
602
602
602
602
602
602
602
602
602
628
