0.00
0.00
0.00
0.00
0.00
0.00
0.00
0.00
0.00
0.00
0.00
0.00
0.00
0.00
0.00
0.00
0.00
0.00
0.00
0.00
0.00
0.00
0.00
0.00
0.00
0.00
0.00
0.00
0.00
0.00
0.00
0.00
0.00
0.00
0.00
0.00
0.00
0.00
0.00
0.00
0.00
0.00
0.00
0.00
0.00
0.00
0.00
0.00
0.00
0.00
0.00
0.00
0.00
0.00
0.00
0.00
0.00
0.00
0.00
0.00
0.00
0.00
0.00
0.00
0.00
0.00
0.00
0.00
0.00
0.00
0.00
0.00
0.00
0.00
0.00
0.00
0.00
0.00
0.00
0.00
0.00
0.00
0.00
0.00
0.00
0.00
0.00
0.00
0.00
0.00
0.00
0.00
0.00
0.00
0.00
0.00
0.00
0.00
0.00
0.00
0.00
0.00
0.00
0.00
0.00
0.00
0.00
0.00
0.00
0.00
0.00
0.00
0.00
0.00
0.00
0.00
0.00
0.00
0.00
0.00
0.00
0.00
0.00
0.00
0.00
0.00
0.00
0.00
0.00
0.00
0.00
0.00
0.00
0.00
0.00
0.00
0.00
0.00
0.00
0.00
0.00
0.00
0.00
0.00
0.00
0.00
0.00
0.00
0.00
0.00
0.00
0.00
0.00
0.00
0.00
0.00
0.00
0.00
0.00
0.00
0.00
0.00
0.00
0.00
0.00
0.00
0.00
0.00
0.00
0.00
0.00
0.00
0.00
0.00
0.00
0.00
0.00
0.00
0.00
0.00
0.00
0.00
0.00
0.00
0.00
0.00
0.00
0.00
0.00
0.00
0.00
0.00
0.00
0.00
0.00
0.00
0.00
0.00
0.00
0.00
0.00
0.00
0.00
0.00
0.00
0.00
0.00
0.00
0.00
0.00
0.00
0.00
0.00
0.00
0.00
0.00
0.00
0.00
0.00
0.00
0.00
0.00
0.00
0.00
0.00
0.00
0.00
0.00
0.00
0.00
0.00
0.00
0.00
0.00
0.00
0.00
0.00
0.00
0.00
0.00
0.00
0.00
0.00
0.00
0.00
0.00
0.00
0.00
0.00
0.00
0.00
0.00
0.00
0.00
0.00
0.00
0.00
0.00
0.00
0.00
0.00
0.00
0.00
0.00
0.00
0.00
0.00
0.00
0.00
0.00
0.00
0.00
0.00
0.00
0.00
0.00
0.00
0.00
0.00
0.00
0.00
0.00
0.00
0.00
0.00
0.00
0.00
0.00
0.00
0.00
0.00
0.00
0.00
0.00
0.00
0.00
0.00
0.00
0.02
0.04
0.09
0.15
0.25
0.38
0.57
0.82
1.12
1.49
1.93
2.44
3.02
3.68
4.43
5.25
6.15
7.12
8.18
9.31
10.52
11.79
13.14
14.56
13.48
14.79
14.99
16.50
19.01
20.51
21.80
23.93
18.67
19.90
21.51
23.55
24.94
25.94
28.64
45.00
47.29
49.61
51.96
54.35
56.77
59.22
61.70
64.21
66.74
69.30
71.88
74.49
77.12
79.77
68.43
74.07
75.55
77.90
81.20
85.53
87.02
89.48
88.82
91.23
92.55
66.69
88.09
89.10
97.36
80.99
75.24
91.32
92.05
98.18
71.06
79.69
85.72
86.01
86.24
89.50
86.53
105.84
96.40
86.55
86.44
84.55
105.37
109.00
112.70
116.46
122.17
122.27
132.02
124.27
116.21
115.99
99.17
92.29
76.63
79.92
103.00
104.48
101.45
144.02
208.58
213.77
207.12
212.29
215.08
217.87
223.17
226.00
205.69
213.44
213.42
253.33
261.76
267.59
270.71
262.67
178.06
220.09
222.55
225.02
295.43
298.63
301.84
286.74
302.08
305.22
308.37
127.15
134.85
126.47
121.17
128.97
130.23
114.62
119.12
113.37
114.43
111.99
120.08
124.73
122.26
123.35
124.44
121.84
122.89
112.68
102.28
103.14
100.16
100.99
129.23
157.92
398.01
401.20
404.39
407.58
410.77
413.96
417.15
420.33
423.51
426.69
429.87
433.05
436.22
439.39
230.13
182.75
224.44
216.98
227.60
224.60
313.83
320.62
378.93
386.18
379.28
381.79
384.30
386.80
389.30
465.27
468.23
496.00
499.11
502.22
505.33
508.43
511.53
447.73
476.30
463.52
408.63
453.19
439.94
458.48
246.64
275.02
352.50
354.48
131.62
132.35
138.62
128.23
134.53
146.53
152.98
165.19
177.52
166.94
167.81
168.67
157.85
152.78
147.65
148.39
167.03
161.86
162.66
169.51
170.34
183.39
202.70
197.49
198.43
205.59
206.55
201.22
221.10
241.15
210.37
211.32
218.71
226.14
259.59
260.73
274.97
256.43
330.18
324.96
326.34
327.72
342.53
337.22
352.16
333.20
327.74
356.49
364.81
338.63
360.79
383.12
370.64
266.78
317.14
304.21
291.17
299.41
293.38
294.48
288.37
282.20
246.92
233.25
241.41
249.62
250.51
280.98
289.39
275.51
231.64
224.94
233.24
241.59
242.40
364.83
373.68
374.92
383.83
392.79
409.53
372.09
326.62
304.26
289.57
290.48
299.27
292.30
269.42
254.35
271.07
207.92
216.56
193.07
193.64
194.21
170.43
187.20
187.74
155.53
172.39
181.11
189.87
198.68
207.52
191.45
200.31
209.22
201.39
218.75
236.20
219.91
203.52
204.04
204.57
205.09
205.61
214.71
241.08
233.04
224.96
225.51
521.66
531.63
550.36
595.45
579.29
571.84
590.80
609.83
602.36
585.96
613.97
651.00
661.37
716.56
718.12
809.62
649.08
596.25
905.31
907.19
909.07
910.93
912.79
914.63
916.46
918.28
920.08
921.88
923.66
925.43
927.19
510.92
446.73
456.88
448.37
439.83
693.75
441.41
442.20
424.12
330.45
331.02
331.58
351.13
351.71
352.30
352.88
353.46
344.46
421.68
403.15
365.33
365.89
347.17
347.70
348.22
339.05
514.18
427.49
418.38
389.75
390.30
390.85
440.32
431.12
441.52
432.29
432.86
364.47
364.95
355.54
415.32
425.74
456.01
575.68
626.06
656.66
687.31
927.46
908.56
919.59
920.62
921.64
922.65
863.41
874.38
684.14
704.99
967.84
938.54
858.66
808.94
809.72
830.75
831.53
832.30
843.22
833.80
844.72
886.19
876.75
877.49
602.50
848.27
848.94
931.50
717.09
717.63
666.87
687.89
739.75
688.86
689.33
638.32
855.09
845.33
845.86
836.07
836.57
826.73
827.21
827.67
817.78
652.50
787.56
777.59
269.70
290.58
290.72
322.01
322.16
322.29
322.43
322.56
333.09
343.63
343.75
343.87
343.99
344.10
354.63
344.30
365.27
386.24
396.78
438.66
417.86
731.41
773.36
773.50
616.82
690.11
711.12
721.68
836.82
857.83
931.15
1046.32
1046.38
1046.44
1046.48
1046.50
1046.51
1004.65
1046.49
1046.46
1046.42
1046.36
920.73
931.12
931.03
1004.14
1004.02
1003.88
1045.55
1045.38
1045.20
1045.00
1044.79
1044.56
1044.32
1044.06
1043.80
1043.51
1043.22
1042.91
1042.58
1042.24
1041.89
1041.52
1041.14
1040.75
967.52
967.12
956.32
945.52
945.10
975.81
954.59
508.18
487.19
486.94
517.75
507.12
517.18
516.89
485.59
526.60
495.32
536.27
535.93
545.88
545.51
534.86
400.87
390.31
390.03
389.75
348.46
307.23
317.22
276.07
286.07
306.25
887.40
886.65
885.89
640.94
538.73
528.09
689.95
669.03
577.26
516.00
515.50
514.99
514.48
503.88
493.29
563.17
602.76
531.87
521.27
490.66
470.11
449.60
439.10
468.50
467.95
457.45
456.90
396.82
426.06
425.53
434.88
730.46
936.54
955.01
904.59
667.72
441.28
470.06
430.29
429.69
234.05
223.98
330.62
320.43
358.75
416.30
406.01
415.05
414.42
413.78
422.74
489.23
526.76
315.55
295.95
285.93
304.49
265.98
739.71
615.38
557.62
528.35
546.27
535.90
450.49
496.52
364.70
336.04
298.15
279.00
287.76
287.21
397.63
387.64
423.73
422.91
422.07
412.08
347.28
337.46
327.67
317.91
326.32
325.64
333.98
342.28
332.56
358.75
402.71
589.36
267.30
284.48
283.85
283.20
220.75
220.24
219.73
201.69
201.21
139.64
148.02
147.66
147.30
190.16
181.07
215.03
214.50
222.52
230.49
238.42
237.81
237.19
245.02
219.10
252.14
268.23
275.88
275.13
282.70
422.89
446.53
453.53
600.28
532.99
531.48
595.19
593.48
599.86
598.11
491.59
498.17
496.69
303.51
342.41
349.31
300.75
315.60
322.49
713.54
422.09
420.75
466.01
456.77
740.82
738.41
728.32
733.56
738.74
736.27
711.10
686.08
698.76
696.36
693.96
624.62
629.84
635.00
640.11
667.14
672.05
604.11
601.90
484.09
475.10
451.82
435.84
569.44
446.73
579.24
584.05
553.75
698.22
695.48
692.74
689.98
687.22
684.45
681.68
678.90
676.11
673.31
643.69
654.34
658.23
655.44
652.63
505.42
503.23
546.58
447.01
419.23
417.37
415.50
426.35
392.74
390.95
370.32
406.09
360.66
334.21
357.27
331.05
311.16
309.66
169.18
132.28
131.63
160.74
159.94
306.49
316.67
221.70
249.59
438.86
436.57
548.57
562.73
565.40
562.38
559.35
556.32
553.28
550.24
547.19
544.14
541.08
538.02
534.96
531.89
528.82
525.74
522.66
519.57
516.48
513.39
510.29
497.05
378.06
380.74
443.10
376.01
358.89
366.38
271.81
299.00
148.53
161.83
170.22
173.79
186.62
194.63
193.31
196.55
186.12
184.82
183.53
177.78
185.34
179.63
173.98
142.49
132.87
127.63
122.45
117.34
116.44
119.68
159.70
150.33
141.09
179.97
182.50
196.77
179.55
197.44
207.33
178.95
166.11
153.48
152.16
239.15
233.42
213.29
189.90
191.75
154.83
258.02
252.19
188.24
196.65
315.69
312.67
280.01
150.06
129.20
127.92
123.47
115.95
68.24
67.53
60.75
57.11
56.50
52.95
58.19
54.67
54.06
56.27
55.63
54.99
48.92
48.34
42.46
49.82
44.03
40.93
37.90
37.42
34.48
36.47
33.60
33.15
39.72
36.88
36.37
33.63
33.16
30.50
30.07
29.63
31.27
32.86
32.36
31.86
31.36
27.01
26.57
24.27
23.87
21.66
21.30
19.18
18.85
20.19
18.17
14.60
14.32
12.49
13.78
13.51
13.24
11.53
14.11
12.43
12.17
13.22
10.34
10.11
9.88
9.64
9.41
8.03
7.83
7.63
7.43
8.27
9.05
8.80
8.55
8.30
8.05
7.81
8.41
11.39
11.81
12.17
11.02
9.92
9.56
9.86
9.48
8.50
8.15
7.81
7.48
7.14
6.81
6.49
5.73
4.60
4.76
4.50
4.60
4.33
4.07
3.81
3.56
3.32
2.61
2.41
2.22
1.86
1.87
1.70
1.26
1.01
0.90
0.90
0.80
0.77
0.74
0.58
0.49
0.41
0.38
0.31
0.27
0.21
0.20
0.15
0.11
0.08
0.06
0.04
0.04
0.02
0.01
0.00
0.00
0.00
0.00
0.00
0.00
0.00
0.00
0.00
0.00
0.00
0.00
0.00
0.00
0.00
0.00
0.00
0.00
0.00
0.00
0.00
0.00
0.00
0.00
0.00
0.00
0.00
0.00
0.00
0.00
0.00
0.00
0.00
0.00
0.00
0.00
0.00
0.00
0.00
0.00
0.00
0.00
0.00
0.00
0.00
0.00
0.00
0.00
0.00
0.00
0.00
0.00
0.00
0.00
0.00
0.00
0.00
0.00
0.00
0.00
0.00
0.00
0.00
0.00
0.00
0.00
0.00
0.00
0.00
0.00
0.00
0.00
0.00
0.00
0.00
0.00
0.00
0.00
0.00
0.00
0.00
0.00
0.00
0.00
0.00
0.00
0.00
0.00
0.00
0.00
0.00
0.00
0.00
0.00
0.00
0.00
0.00
0.00
0.00
0.00
0.00
0.00
0.00
0.00
0.00
0.00
0.00
0.00
0.00
0.00
0.00
0.00
0.00
0.00
0.00
0.00
0.00
0.00
0.00
0.00
0.00
0.00
0.00
0.00
0.00
0.00
0.00
0.00
0.00
0.00
0.00
0.00
0.00
0.00
0.00
0.00
0.00
0.00
0.00
0.00
0.00
0.00
0.00
0.00
0.00
0.00
0.00
0.00
0.00
0.00
0.00
0.00
0.00
0.00
0.00
0.00
0.00
0.00
0.00
0.00
0.00
0.00
0.00
0.00
0.00
