31
31
31
31
31
31
31
31
31
31
31
31
31
31
31
31
31
31
31
31
31
31
31
31
31
31
31
31
31
31
31
31
31
31
31
31
31
31
31
31
31
31
31
31
246
246
246
246
246
246
246
246
246
246
246
246
246
391
391
391
391
391
391
391
391
391
176
176
176
176
176
176
176
176
176
176
176
31
31
31
31
31
31
31
31
31
31
31
31
31
31
31
31
31
31
31
31
31
31
31
31
31
31
31
31
31
31
31
31
31
31
31
31
31
31
31
31
31
31
31
31
31
31
31
31
31
31
31
31
31
31
31
246
246
246
246
246
246
246
246
246
246
246
246
246
246
246
246
246
246
246
246
246
246
31
31
31
31
31
31
31
31
31
31
31
31
31
31
31
31
31
31
31
31
31
31
31
31
31
31
31
31
31
31
31
31
31
31
31
31
31
31
31
31
31
31
31
31
31
31
31
31
31
246
246
246
391
391
391
391
391
391
391
391
391
391
391
391
391
391
391
391
391
391
391
176
31
31
31
31
31
31
31
31
31
31
31
31
31
31
31
31
31
31
31
31
31
31
31
31
31
31
31
31
31
31
31
31
31
31
31
31
31
31
31
31
31
31
31
31
31
31
31
31
246
246
246
246
246
246
246
246
246
246
246
246
246
246
246
246
246
246
246
246
246
391
176
176
176
176
176
176
176
176
176
176
176
176
176
176
176
176
176
176
176
31
31
31
31
31
31
31
31
31
31
31
31
31
31
31
31
31
31
31
31
31
31
31
31
31
31
31
31
31
31
31
31
31
31
31
31
31
31
246
246
246
246
246
246
246
246
246
246
246
246
246
246
246
246
246
246
246
246
246
391
176
176
176
176
176
176
176
176
176
176
176
176
176
176
176
176
176
176
176
31
31
31
31
31
31
31
31
31
31
31
31
31
31
31
31
31
31
31
31
31
31
31
31
31
31
246
246
246
246
246
246
246
246
246
246
246
246
246
246
246
246
246
246
246
246
246
246
31
31
31
31
31
31
31
31
31
31
31
31
31
31
31
31
31
31
31
31
31
31
31
31
31
31
31
31
31
31
31
31
31
176
176
176
176
176
176
176
176
176
176
176
176
176
176
391
391
391
391
391
391
246
246
246
246
246
246
246
2532
2532
2532
246
246
246
246
246
246
31
31
31
31
31
31
31
31
31
31
31
31
31
31
31
31
31
31
31
31
31
31
31
31
31
31
31
31
31
31
31
31
31
31
31
31
31
31
31
31
31
31
31
31
31
31
31
31
31
246
246
246
246
246
246
246
246
246
246
2865
3010
3010
3010
3010
3010
3010
3010
3010
3010
3010
3010
2795
2795
2795
2795
2795
2795
2795
2795
2795
4936
4936
4936
2650
2650
2650
2650
2650
2650
2650
2670
2670
2650
2650
2650
2650
2650
2650
2650
2650
2684
2684
2684
2684
2684
2684
2684
2684
2684
2684
2684
2684
2684
2684
2684
2684
2684
2684
2684
65
65
280
280
280
280
280
280
280
280
280
280
280
425
425
425
425
425
425
425
425
425
425
425
210
210
210
210
210
224
224
224
224
79
79
79
79
79
79
79
79
79
79
79
79
79
79
79
79
79
79
79
79
79
45
45
45
45
45
45
45
45
45
45
45
45
45
45
45
45
45
45
45
45
45
45
45
45
45
45
45
2331
2331
2331
1297
1179
1179
45
45
31
246
246
246
246
246
260
260
260
260
260
260
260
260
405
405
405
405
405
405
405
405
405
190
190
190
190
190
190
190
190
190
190
190
45
45
45
45
45
45
45
45
45
45
45
45
45
45
45
45
45
45
45
45
45
45
45
45
45
45
45
45
45
45
45
45
31
31
31
31
31
31
31
31
31
31
31
31
31
31
31
2345
2345
2490
2490
2490
2490
2490
2490
2490
2490
176
176
176
176
176
176
176
176
176
176
176
176
31
31
31
31
31
31
31
31
31
31
31
31
31
31
31
31
31
31
31
31
31
31
31
31
31
31
31
31
2345
2345
2345
2345
2345
2345
31
246
246
246
246
246
391
391
391
391
391
391
391
391
391
391
391
391
391
391
391
391
2677
2462
2462
176
31
31
31
31
31
31
31
31
31
31
31
31
31
31
31
31
31
31
31
31
31
31
31
31
31
31
31
31
31
31
31
31
31
31
31
31
31
31
31
31
31
31
31
31
31
31
31
31
31
246
246
246
246
246
246
246
246
246
246
246
246
246
246
246
246
246
246
246
246
246
246
31
31
31
31
31
31
31
31
31
31
31
31
31
31
31
31
31
31
31
31
31
31
31
31
31
31
31
31
31
176
176
176
176
176
176
176
176
176
176
176
176
176
176
176
176
176
176
176
176
31
31
31
31
31
31
31
31
31
31
31
31
31
31
31
31
31
31
31
31
31
31
31
31
31
31
31
31
31
31
31
31
31
31
31
31
31
31
31
31
391
391
391
391
391
391
391
391
391
391
391
391
391
391
391
391
391
391
391
391
246
246
31
31
31
31
31
31
31
31
31
31
31
31
31
31
31
31
31
31
31
31
31
31
31
31
31
31
81
81
81
81
81
81
81
81
81
81
81
81
81
81
81
81
81
81
81
81
81
81
226
226
226
441
441
441
441
441
441
441
441
441
441
441
441
441
441
441
441
441
296
296
296
296
296
81
81
81
101
101
2367
2367
2367
81
81
81
81
81
141
141
81
81
81
81
81
81
81
81
81
81
81
81
81
81
81
81
81
81
81
81
226
226
226
226
226
226
226
226
226
226
441
441
441
441
441
441
559
559
559
559
414
414
414
414
414
414
414
296
296
296
296
296
81
81
81
81
81
81
81
115
115
115
115
115
115
115
115
115
31
31
31
31
31
31
31
31
31
31
31
31
31
31
31
31
31
31
31
31
31
31
31
31
31
31
31
176
176
176
176
391
391
391
391
391
391
391
391
391
391
391
391
391
391
391
391
246
246
246
280
280
280
65
85
85
183
183
183
268
288
288
288
268
289
289
289
289
289
289
268
268
268
268
183
183
243
243
243
243
183
183
183
183
183
183
183
183
183
183
183
183
268
268
183
183
183
183
183
183
183
183
183
183
183
328
388
458
458
458
458
458
458
458
524
524
524
524
504
504
589
589
589
589
589
444
444
444
444
444
444
384
384
384
384
484
484
484
484
541
541
457
517
417
437
458
398
398
398
398
398
398
377
377
437
398
398
613
613
613
513
435
435
435
435
580
580
495
495
495
495
495
495
495
495
495
445
445
445
230
230
230
230
315
315
170
170
170
184
184
184
184
205
205
205
205
205
184
184
184
184
184
234
2520
2520
2541
255
255
255
255
255
255
234
234
200
274
2520
2520
2520
234
