0.00
0.00
0.00
0.00
0.00
0.00
0.00
0.00
0.00
0.00
0.00
0.00
0.00
0.00
0.00
0.00
0.00
0.00
0.00
0.00
0.00
0.00
0.00
0.00
0.00
0.00
0.00
0.00
0.00
0.00
0.00
0.00
0.00
0.00
0.00
0.00
0.00
0.00
0.00
0.00
0.00
0.00
0.00
0.00
0.00
0.00
0.00
0.00
0.00
0.00
0.00
0.00
0.00
0.00
0.00
0.00
0.00
0.00
0.00
0.00
0.00
0.00
0.00
0.00
0.00
0.00
0.00
0.00
0.00
0.00
0.00
0.00
0.00
0.00
0.00
0.00
0.00
0.00
0.00
0.00
0.00
0.00
0.00
0.00
0.00
0.00
0.00
0.00
0.00
0.00
0.00
0.00
0.00
0.00
0.00
0.00
0.00
0.00
0.00
0.00
0.00
0.00
0.00
0.00
0.00
0.00
0.00
0.00
0.00
0.00
0.00
0.00
0.00
0.00
0.00
0.00
0.00
0.00
0.00
0.00
0.00
0.00
0.00
0.00
0.00
0.00
0.00
0.00
0.00
0.00
0.00
0.00
0.00
0.00
0.00
0.00
0.00
0.00
0.00
0.00
0.00
0.00
0.00
0.00
0.00
0.00
0.00
0.00
0.00
0.00
0.00
0.00
0.00
0.00
0.00
0.00
0.00
0.00
0.00
0.00
0.00
0.00
0.00
0.00
0.00
0.00
0.00
0.00
0.00
0.00
0.00
0.00
0.00
0.00
0.00
0.00
0.00
0.00
0.00
0.00
0.00
0.00
0.00
0.00
0.00
0.00
0.00
0.00
0.00
0.00
0.00
0.00
0.00
0.00
0.00
0.00
0.00
0.00
0.00
0.00
0.00
0.00
0.00
0.00
0.00
0.00
0.00
0.00
0.00
0.00
0.00
0.00
0.00
0.00
0.00
0.00
0.00
0.00
0.00
0.00
0.00
0.00
0.00
0.00
0.00
0.00
0.00
0.00
0.00
0.00
0.00
0.00
0.00
0.00
0.00
0.00
0.00
0.00
0.00
0.00
0.00
0.00
0.00
0.00
0.00
0.00
0.00
0.00
0.00
0.00
0.00
0.00
0.00
0.00
0.00
0.00
0.00
0.00
0.00
0.00
0.00
0.00
0.00
0.00
0.00
0.00
0.00
0.00
0.00
0.00
0.00
0.00
0.00
0.00
0.00
0.00
0.00
0.00
0.00
0.00
0.00
0.00
0.00
0.00
0.00
0.00
0.00
0.00
0.00
0.00
0.00
0.00
0.00
0.00
0.00
0.00
0.00
0.00
0.01
0.01
0.02
0.04
0.06
0.09
0.14
0.22
0.28
0.33
0.44
0.51
0.66
0.88
1.11
1.26
1.41
1.92
2.29
2.70
3.36
3.89
4.47
5.39
5.78
6.51
7.11
7.52
7.92
7.57
8.67
9.01
9.94
10.27
10.59
10.87
11.13
10.54
10.69
10.80
10.88
10.91
11.43
11.96
12.49
12.44
12.96
13.48
14.02
15.25
15.81
14.90
15.42
15.95
16.49
17.03
17.57
19.93
20.53
23.06
22.74
23.39
24.03
24.69
25.34
27.13
25.50
27.32
27.99
27.41
26.78
27.40
26.68
28.64
29.26
27.04
27.61
26.69
27.23
27.78
28.32
28.86
29.41
31.62
32.20
34.51
35.12
35.74
34.54
36.97
37.59
40.12
40.77
39.45
40.07
40.70
41.32
46.14
48.96
56.16
54.79
57.80
58.62
66.29
62.57
63.43
61.90
55.49
73.32
69.32
65.20
66.02
74.56
78.09
84.31
85.33
89.05
90.11
88.40
86.62
90.44
82.89
83.82
154.88
153.62
149.32
156.95
158.62
160.29
161.96
160.48
165.29
163.75
194.57
131.00
148.82
150.26
158.45
153.15
144.29
138.70
83.99
81.23
81.97
86.30
87.07
87.84
84.92
78.21
82.63
83.34
84.04
84.75
85.45
86.16
82.91
79.60
92.28
93.01
89.67
86.26
82.79
91.77
100.88
101.64
106.67
111.77
121.25
104.69
105.45
101.79
98.06
98.76
176.30
150.22
151.26
156.92
171.93
187.13
211.93
241.79
286.34
278.62
270.76
272.51
274.26
280.94
287.68
269.52
261.15
257.72
264.38
260.88
283.04
279.57
281.24
282.90
284.56
254.42
239.90
252.01
248.05
238.61
239.96
499.05
485.28
476.86
479.48
482.08
197.26
198.31
199.37
200.42
328.11
341.40
325.72
327.39
223.29
248.05
267.11
274.41
275.77
319.30
320.87
346.76
366.78
411.54
401.15
272.84
261.66
269.14
264.10
252.69
298.27
299.62
300.98
276.60
607.35
610.04
645.32
654.68
657.52
660.36
663.19
572.77
555.12
617.90
627.22
609.50
612.01
594.03
610.15
626.38
635.80
638.33
397.05
384.62
407.18
394.67
396.19
383.50
349.31
393.56
416.58
410.93
455.86
493.85
481.07
446.24
433.16
294.72
288.37
378.44
394.66
396.03
397.40
654.58
656.81
659.04
509.24
510.95
543.25
591.10
600.74
440.43
418.60
598.81
608.52
610.45
612.37
637.91
639.89
641.86
643.83
637.81
639.74
665.72
675.75
669.68
687.83
689.83
691.83
693.82
663.06
615.68
617.42
676.93
711.92
713.88
715.84
717.78
728.09
377.61
370.20
371.18
338.32
339.20
263.56
264.23
358.90
359.81
369.30
370.22
397.03
588.36
546.42
539.05
566.49
576.57
560.42
394.97
580.64
440.89
441.90
451.77
470.54
453.80
463.73
491.56
537.42
763.00
494.77
504.84
451.70
461.71
544.32
545.44
455.47
474.65
457.31
733.17
707.07
800.47
811.25
766.64
786.62
843.75
854.63
865.53
736.60
728.61
720.58
478.13
488.37
489.24
490.10
519.28
510.71
492.64
493.47
484.80
361.82
362.42
353.46
382.73
392.93
364.75
336.48
356.26
356.81
367.01
357.89
368.12
378.36
378.91
389.19
350.78
361.03
371.31
547.95
215.56
215.85
225.97
216.43
206.86
207.13
227.15
237.33
237.62
237.92
258.06
824.81
825.79
826.77
827.73
828.69
829.63
840.57
831.48
832.39
823.25
824.13
835.05
916.49
836.78
1009.18
1010.18
1011.17
1012.15
1013.11
1014.06
1015.00
1015.92
1016.83
1017.73
1018.61
1019.48
1020.34
1021.18
1022.01
1022.82
1023.62
1024.41
1025.19
1025.95
1026.70
1027.43
1028.15
1028.85
1029.55
1030.23
1030.89
1031.54
1032.18
1032.80
1033.41
961.63
962.17
931.65
776.79
766.83
767.22
860.96
861.37
1038.28
1038.76
1028.82
1029.26
1040.09
1040.51
1040.91
1041.30
1041.67
1042.03
1042.38
1042.71
1022.17
1043.34
1043.63
1043.90
1044.17
1044.42
1044.65
1044.87
1045.08
1045.27
1045.45
1045.62
1045.77
1045.91
711.30
355.69
397.57
387.14
408.09
387.18
408.13
387.21
387.21
387.21
345.34
334.87
366.25
376.69
345.27
366.17
376.60
355.63
355.59
366.00
355.49
365.88
407.63
397.10
386.57
407.38
323.74
313.22
334.01
333.92
271.24
271.16
250.22
239.72
250.05
249.97
260.29
249.78
249.68
270.38
280.66
353.27
363.50
321.81
290.53
290.39
290.24
279.73
279.58
269.08
268.93
268.78
712.89
805.39
794.58
794.09
834.81
803.37
566.10
576.00
565.32
441.67
410.56
574.36
543.19
542.77
573.05
419.22
439.32
877.93
887.40
876.46
885.89
895.29
924.99
934.31
943.60
922.45
941.84
940.94
940.02
918.90
917.99
927.13
926.18
935.27
1004.61
1003.53
1002.44
1001.34
1000.23
999.10
997.96
996.81
995.64
994.46
993.27
992.06
990.84
989.61
988.36
987.10
650.65
551.35
471.96
461.51
460.89
450.47
381.40
361.33
965.45
964.08
972.42
971.01
969.59
968.15
966.70
965.24
963.77
962.28
960.78
959.27
957.75
956.21
954.66
772.01
770.74
769.46
455.21
454.43
585.97
651.00
668.71
714.54
732.04
730.73
738.76
737.41
736.05
734.69
733.31
731.93
730.53
682.98
672.45
634.36
559.71
576.91
557.47
519.87
409.59
408.74
444.16
443.23
695.04
702.57
701.07
708.53
706.99
705.44
668.24
666.76
523.34
584.11
450.33
422.87
421.89
385.83
376.18
331.65
313.45
321.38
415.92
397.62
422.51
421.46
437.57
445.03
478.05
604.56
484.11
415.09
422.45
412.92
395.02
377.20
652.07
566.94
623.60
621.89
735.94
733.90
731.85
721.59
719.54
725.64
739.81
753.88
792.10
717.24
723.16
712.99
702.87
645.00
500.14
514.44
504.97
267.43
266.60
257.94
257.12
256.31
286.45
277.81
276.90
276.00
267.44
258.94
258.08
219.38
248.80
255.46
269.56
231.32
245.39
237.12
243.66
250.16
241.93
255.67
254.74
232.06
238.43
237.55
222.33
214.35
348.78
397.10
565.11
548.87
553.75
537.63
591.16
588.83
648.58
680.35
657.08
640.78
651.74
371.86
397.25
388.89
667.70
432.17
496.54
481.23
610.44
581.65
566.10
557.14
554.68
545.79
543.34
534.53
633.45
630.56
627.66
624.75
323.35
550.84
566.71
557.88
524.70
528.24
525.68
535.13
532.50
488.19
485.75
453.84
451.54
449.24
446.94
363.79
350.41
480.00
477.47
480.59
478.02
475.45
467.31
464.75
544.73
541.72
544.14
541.08
538.02
534.96
531.89
528.82
525.74
522.66
519.57
459.67
456.92
459.26
324.60
292.37
465.91
433.14
430.43
422.80
420.12
456.26
400.27
201.23
185.63
184.41
183.18
228.61
231.70
225.52
361.11
358.62
387.67
384.96
417.79
405.99
407.45
269.67
259.07
235.73
233.98
244.90
196.96
195.46
202.22
237.51
247.85
253.96
251.95
202.33
181.03
175.65
120.01
119.02
114.22
101.93
104.81
141.03
128.77
116.71
122.91
247.23
216.61
299.10
296.37
297.10
290.92
294.97
298.90
299.37
299.77
277.28
274.55
271.82
269.10
263.24
257.44
254.78
252.12
159.29
157.60
138.25
142.56
141.00
130.89
123.79
116.83
109.98
108.71
107.43
87.58
89.15
93.25
86.99
149.07
159.67
152.71
243.14
239.97
236.81
233.65
230.49
227.33
224.18
221.04
217.89
214.75
211.62
208.49
205.36
202.24
199.12
156.81
154.33
157.54
154.97
154.24
149.85
166.81
162.19
159.34
168.27
165.22
162.18
159.15
156.12
153.10
150.09
147.09
144.10
141.12
138.15
135.18
132.23
129.29
126.36
123.44
120.53
117.64
110.17
98.46
47.98
45.66
43.42
43.24
31.29
28.50
26.75
25.95
24.29
23.54
21.97
20.46
21.30
21.30
26.92
26.63
26.29
25.28
23.68
15.72
15.07
15.48
15.31
16.06
15.30
14.99
15.49
12.69
12.00
11.68
16.33
9.70
9.97
9.59
11.74
10.66
9.43
11.12
10.40
5.09
4.63
4.34
3.40
4.17
3.61
3.27
2.87
2.35
2.02
1.72
1.48
1.23
0.97
0.78
0.61
0.47
0.35
0.24
0.16
0.11
0.07
0.04
0.02
0.01
0.00
0.00
0.00
0.00
0.00
0.00
0.00
0.00
0.00
0.00
0.00
0.00
0.00
0.00
0.00
0.00
0.00
0.00
0.00
0.00
0.00
0.00
0.00
0.00
0.00
0.00
0.00
0.00
0.00
0.00
0.00
0.00
0.00
0.00
0.00
0.00
0.00
0.00
0.00
0.00
0.00
0.00
0.00
0.00
0.00
0.00
0.00
0.00
0.00
0.00
0.00
0.00
0.00
0.00
0.00
0.00
0.00
0.00
0.00
0.00
0.00
0.00
0.00
0.00
0.00
0.00
0.00
0.00
0.00
0.00
0.00
0.00
0.00
0.00
0.00
0.00
0.00
0.00
0.00
0.00
0.00
0.00
0.00
0.00
0.00
0.00
0.00
0.00
0.00
0.00
0.00
0.00
0.00
0.00
0.00
0.00
0.00
0.00
0.00
0.00
0.00
0.00
0.00
0.00
0.00
0.00
0.00
0.00
0.00
0.00
0.00
0.00
0.00
0.00
0.00
0.00
0.00
0.00
0.00
0.00
0.00
0.00
0.00
0.00
0.00
0.00
0.00
0.00
0.00
0.00
0.00
0.00
0.00
0.00
0.00
0.00
0.00
0.00
0.00
0.00
0.00
0.00
0.00
0.00
0.00
0.00
0.00
0.00
0.00
0.00
0.00
0.00
0.00
0.00
0.00
0.00
0.00
0.00
0.00
0.00
0.00
0.00
0.00
0.00
0.00