0.00
0.00
0.00
0.00
0.00
0.00
0.00
0.00
0.00
0.00
0.00
0.00
0.00
0.00
0.00
0.00
0.00
0.00
0.00
0.00
0.00
0.00
0.00
0.00
0.00
0.00
0.00
0.00
0.00
0.00
0.00
0.00
0.00
0.00
0.00
0.00
0.00
0.00
0.00
0.00
0.00
0.00
0.00
0.00
0.00
0.00
0.00
0.00
0.00
0.00
0.00
0.00
0.00
0.00
0.00
0.00
0.00
0.00
0.00
0.00
0.00
0.00
0.00
0.00
0.00
0.00
0.00
0.00
0.00
0.00
0.00
0.00
0.00
0.00
0.00
0.00
0.00
0.00
0.00
0.00
0.00
0.00
0.00
0.00
0.00
0.00
0.00
0.00
0.00
0.00
0.00
0.00
0.00
0.00
0.00
0.00
0.00
0.00
0.00
0.00
0.00
0.00
0.00
0.00
0.00
0.00
0.00
0.00
0.00
0.00
0.00
0.00
0.00
0.00
0.00
0.00
0.00
0.00
0.00
0.00
0.00
0.00
0.00
0.00
0.00
0.00
0.00
0.00
0.00
0.00
0.00
0.00
0.00
0.00
0.00
0.00
0.00
0.00
0.00
0.00
0.00
0.00
0.00
0.00
0.00
0.00
0.00
0.00
0.00
0.00
0.00
0.00
0.00
0.00
0.00
0.00
0.00
0.00
0.00
0.00
0.00
0.00
0.00
0.00
0.00
0.00
0.00
0.00
0.00
0.00
0.00
0.00
0.00
0.00
0.00
0.00
0.00
0.00
0.00
0.00
0.00
0.00
0.00
0.00
0.00
0.00
0.00
0.00
0.00
0.00
0.00
0.00
0.00
0.00
0.00
0.00
0.00
0.00
0.00
0.00
0.00
0.00
0.00
0.00
0.00
0.00
0.00
0.00
0.00
0.00
0.00
0.00
0.00
0.00
0.00
0.00
0.00
0.00
0.00
0.00
0.00
0.00
0.00
0.00
0.00
0.00
0.00
0.00
0.00
0.00
0.00
0.00
0.00
0.00
0.00
0.00
0.00
0.00
0.00
0.00
0.00
0.00
0.00
0.00
0.00
0.00
0.00
0.00
0.00
0.00
0.00
0.00
0.00
0.00
0.00
0.00
0.00
0.00
0.00
0.00
0.00
0.00
0.00
0.00
0.00
0.00
0.00
0.00
0.00
0.00
0.00
0.00
0.00
0.00
0.00
0.00
0.00
0.00
0.00
0.00
0.00
0.00
0.00
0.00
0.00
0.00
0.00
0.00
0.00
0.00
0.00
0.00
0.00
0.00
0.00
0.00
0.00
0.00
0.00
0.01
0.02
0.03
0.05
0.07
0.10
0.13
0.18
0.24
0.33
0.41
0.51
0.63
0.93
1.31
3.63
3.70
4.17
4.75
5.47
6.25
6.44
7.28
13.80
15.84
17.10
14.00
16.74
20.75
19.43
21.96
23.78
25.36
6.15
6.88
7.29
6.89
6.84
7.65
8.04
8.93
8.31
8.70
9.65
10.07
11.11
11.56
12.01
11.78
12.22
12.66
13.11
12.76
16.49
16.18
14.93
43.48
46.67
50.93
62.30
62.03
104.50
107.33
110.18
113.04
115.91
118.80
121.69
124.61
124.98
130.46
70.71
68.18
68.27
69.73
69.74
94.91
86.24
69.44
70.80
68.95
70.26
71.57
81.36
86.28
87.81
50.03
52.71
59.15
54.51
49.67
50.48
51.29
56.10
56.98
57.85
71.31
87.28
90.72
87.66
86.69
85.67
189.73
201.62
209.07
211.89
224.35
227.30
230.25
235.71
238.70
241.69
260.30
263.48
266.67
269.86
273.05
276.24
279.43
282.63
285.83
289.03
292.23
295.43
298.63
301.84
305.04
218.86
221.13
160.48
85.82
112.38
84.31
85.15
85.98
103.51
101.14
102.10
106.50
114.43
118.99
113.01
138.99
143.83
261.21
285.48
273.21
271.86
300.49
303.05
255.95
258.10
264.12
266.30
394.81
398.01
401.20
404.39
407.58
410.77
413.96
396.29
306.84
317.63
384.02
378.29
385.41
418.77
329.54
331.92
432.35
404.00
406.84
414.24
435.44
438.44
464.67
467.81
470.96
308.16
348.38
331.46
256.26
248.18
269.37
276.01
277.76
309.45
306.35
277.93
325.40
342.73
349.95
429.71
437.48
445.31
442.65
344.53
303.88
316.35
183.34
189.81
190.88
159.04
154.41
144.17
150.53
128.93
129.62
130.32
131.01
131.71
126.64
133.09
104.69
105.23
105.77
112.21
106.84
101.41
95.92
78.32
90.81
91.25
91.69
92.13
86.40
86.81
80.99
81.37
75.46
82.12
82.50
82.87
76.85
77.19
84.00
90.86
104.29
111.30
111.78
112.26
126.01
119.88
120.39
120.89
114.65
115.13
95.20
75.11
89.12
89.48
96.75
97.14
97.52
90.91
91.27
91.62
99.05
106.53
114.06
121.65
114.92
115.35
123.01
130.72
138.49
131.68
132.15
132.62
140.49
140.99
134.03
141.97
127.47
127.91
128.34
121.20
114.01
114.39
114.77
115.15
123.23
131.36
139.53
163.31
148.23
140.87
141.32
165.38
205.40
198.11
198.71
207.29
207.92
248.64
265.47
225.91
226.58
219.12
227.90
220.39
237.39
238.06
246.97
255.91
240.07
240.73
233.06
217.00
200.85
193.00
185.10
194.02
194.53
195.04
212.55
196.04
230.72
231.31
231.89
232.47
233.04
224.96
242.85
278.22
287.60
279.55
288.97
289.64
237.53
255.72
247.47
212.60
213.08
222.45
222.95
205.56
223.93
224.41
215.90
198.33
198.75
217.27
263.09
254.54
236.84
228.20
256.10
256.61
257.12
460.04
525.47
489.54
897.67
927.19
928.94
930.68
932.40
934.11
935.82
937.50
939.18
940.85
942.50
944.14
945.77
947.38
948.99
627.38
599.86
648.54
649.59
650.64
900.86
959.88
961.38
962.88
964.36
965.83
967.28
968.73
970.16
971.58
972.98
974.38
975.76
977.12
978.48
979.82
981.15
982.47
964.10
965.36
956.75
987.61
988.86
990.10
991.33
992.54
953.99
955.13
916.42
927.46
858.64
869.61
880.59
881.57
872.51
893.53
894.48
905.48
906.42
917.43
918.35
727.33
687.60
708.51
699.05
679.42
629.30
650.19
549.09
549.57
855.63
856.36
704.03
959.91
1022.01
1022.82
1023.62
1024.41
1025.19
1025.95
1026.70
1027.43
1028.15
1028.85
1029.55
1030.23
1030.89
1031.54
1032.18
1032.80
1033.41
1034.01
1034.59
1035.16
1035.72
1036.26
1036.79
1037.30
1037.80
1038.28
1038.76
1039.21
1039.66
1040.09
1040.51
1040.91
1041.30
1041.67
1042.03
1042.38
1042.71
1043.03
1043.34
1043.63
1043.90
1044.17
1044.42
1044.65
1044.87
1045.08
1045.27
1045.45
1045.62
1045.77
1045.91
1046.03
1046.14
1046.24
1046.32
1046.38
1046.44
1046.48
1046.50
1046.51
1046.51
1046.49
1046.46
1046.42
1046.36
1046.29
1046.20
1046.10
1045.98
1045.85
1045.71
961.91
951.30
731.64
804.65
804.49
804.31
689.25
678.64
626.28
918.29
907.60
907.33
886.19
885.91
896.03
895.71
884.97
884.64
894.69
894.33
893.96
883.18
893.17
892.76
892.34
891.90
901.82
901.36
973.37
962.49
972.30
971.75
950.52
929.30
928.73
959.09
979.10
957.86
833.71
390.86
370.03
369.77
420.82
400.00
389.45
450.60
429.79
419.22
531.27
551.26
652.80
662.44
672.05
661.29
711.53
781.98
771.12
770.40
789.93
728.47
859.16
757.34
756.58
977.52
966.45
955.39
984.52
953.36
952.32
961.29
960.22
979.12
987.98
647.92
627.25
586.73
456.90
406.74
465.69
475.01
454.65
404.71
394.33
423.36
511.29
510.61
480.50
401.51
420.51
390.63
555.87
555.08
593.18
582.61
378.14
367.90
589.69
743.24
732.46
731.33
691.76
690.67
651.27
688.47
687.36
819.67
789.77
778.96
663.84
681.65
737.19
726.48
725.22
940.18
938.51
936.83
935.14
933.43
913.08
902.08
891.11
898.70
915.48
784.51
773.78
781.46
770.74
769.21
594.03
738.76
737.25
744.82
743.28
696.50
695.04
702.57
701.07
672.65
894.92
892.96
890.99
889.01
807.19
796.51
883.00
880.97
878.94
666.44
796.10
776.76
766.20
764.36
762.51
743.37
801.90
782.72
772.19
513.50
512.20
502.38
849.31
847.11
844.91
842.69
840.47
838.23
819.27
808.72
831.46
829.19
826.90
824.61
822.30
819.98
817.66
815.32
812.98
810.63
808.26
805.89
803.51
801.11
798.71
796.30
793.88
664.82
670.66
668.58
666.49
672.21
670.08
396.11
340.64
316.39
330.75
329.66
389.71
472.19
432.66
317.73
301.57
315.57
321.97
320.86
334.62
348.26
347.04
323.73
337.24
357.94
473.10
456.87
484.09
511.10
502.02
500.14
626.38
524.73
642.82
703.67
553.75
551.59
549.43
540.33
538.19
536.03
431.21
443.09
427.70
412.43
464.58
449.24
460.71
432.17
423.72
421.90
439.78
346.38
409.94
427.57
425.68
642.10
639.23
636.34
633.45
630.56
627.66
556.03
578.31
575.59
591.35
576.28
555.21
516.10
489.43
426.91
460.70
452.47
438.36
442.05
445.68
437.57
580.44
577.44
574.44
571.43
568.42
565.40
562.38
559.35
556.32
553.28
550.24
547.19
544.14
541.08
538.02
534.96
531.89
528.82
525.74
522.66
519.57
516.48
513.39
510.29
507.19
504.09
500.98
497.86
494.75
491.63
488.51
485.38
482.25
479.12
475.98
472.84
469.70
466.55
463.41
460.25
457.10
453.94
450.78
447.62
444.46
441.29
438.12
434.95
431.78
428.60
425.42
422.24
419.06
415.87
412.69
409.50
406.31
403.12
399.92
396.73
393.53
390.34
360.04
357.06
296.97
294.48
291.98
300.61
298.02
291.77
285.59
283.06
280.52
281.51
275.45
272.92
270.38
257.68
258.60
262.78
280.01
277.28
264.86
262.23
288.09
282.04
279.15
270.13
261.23
258.48
255.72
255.91
157.11
155.38
162.19
154.74
127.95
142.98
130.45
128.92
212.31
212.39
214.99
209.79
209.71
207.07
182.27
179.92
175.18
144.45
233.65
225.88
195.51
197.28
221.04
217.89
214.75
205.27
204.32
201.25
127.41
125.45
117.61
115.74
125.27
128.83
124.86
106.52
113.58
108.12
104.51
139.67
137.14
157.32
155.96
149.88
146.98
112.57
110.32
106.63
73.38
67.69
63.54
72.73
36.20
34.12
33.33
26.52
25.88
25.25
25.73
28.35
29.73
28.94
27.15
25.42
21.85
22.13
24.16
25.16
22.70
26.04
25.19
22.82
23.50
21.96
22.53
20.37
21.49
18.21
17.47
16.18
11.21
11.22
10.22
10.66
10.14
10.05
10.31
10.13
9.56
9.00
8.14
12.61
12.33
11.48
10.66
6.58
5.86
3.71
2.72
2.16
1.82
1.64
1.47
1.30
1.15
1.08
1.01
0.87
0.79
0.66
0.55
0.42
0.36
0.28
0.21
0.17
0.14
0.10
0.07
0.05
0.06
0.03
0.01
0.01
0.00
0.00
0.00
0.00
0.00
0.00
0.00
0.00
0.00
0.00
0.00
0.00
0.00
0.00
0.00
0.00
0.00
0.00
0.00
0.00
0.00
0.00
0.00
0.00
0.00
0.00
0.00
0.00
0.00
0.00
0.00
0.00
0.00
0.00
0.00
0.00
0.00
0.00
0.00
0.00
0.00
0.00
0.00
0.00
0.00
0.00
0.00
0.00
0.00
0.00
0.00
0.00
0.00
0.00
0.00
0.00
0.00
0.00
0.00
0.00
0.00
0.00
0.00
0.00
0.00
0.00
0.00
0.00
0.00
0.00
0.00
0.00
0.00
0.00
0.00
0.00
0.00
0.00
0.00
0.00
0.00
0.00
0.00
0.00
0.00
0.00
0.00
0.00
0.00
0.00
0.00
0.00
0.00
0.00
0.00
0.00
0.00
0.00
0.00
0.00
0.00
0.00
0.00
0.00
0.00
0.00
0.00
0.00
0.00
0.00
0.00
0.00
0.00
0.00
0.00
0.00
0.00
0.00
0.00
0.00
0.00
0.00
0.00
0.00
0.00
0.00
0.00
0.00
0.00
0.00
0.00
0.00
0.00
0.00
0.00
0.00
0.00
0.00
0.00
0.00
0.00
0.00
0.00
0.00
0.00
0.00
0.00
0.00
0.00
0.00
0.00
0.00
0.00
0.00
0.00
0.00
0.00
0.00
0.00
0.00
0.00
0.00
0.00
0.00
