31
31
31
31
31
31
31
31
31
31
31
31
31
31
31
31
31
31
31
31
31
31
31
31
31
31
31
31
31
31
31
31
31
31
31
31
31
31
31
31
31
31
31
31
31
31
31
31
31
31
31
31
31
31
31
31
31
31
31
31
31
31
31
238
400
400
400
400
400
400
400
400
400
400
400
400
400
400
400
400
400
400
400
400
238
31
31
31
31
31
31
31
31
31
31
31
31
31
31
31
31
31
31
31
31
31
31
31
31
31
31
31
31
31
31
31
31
31
31
31
31
31
31
31
31
31
31
31
31
31
31
31
31
31
31
31
31
31
31
31
31
31
31
31
31
31
31
31
31
31
31
400
400
400
400
400
400
400
400
400
400
400
400
400
400
400
400
400
400
400
400
238
238
31
31
31
31
31
31
31
31
31
31
31
31
31
31
31
31
31
31
31
31
31
31
31
31
31
31
31
31
31
31
31
31
31
31
31
31
31
31
31
31
31
31
31
31
31
31
31
31
31
31
31
31
31
31
31
31
31
31
31
31
31
31
31
31
31
193
193
193
193
193
400
400
400
400
400
400
400
400
400
400
400
400
400
400
400
238
238
238
238
238
238
238
31
31
31
31
31
31
31
31
31
31
31
31
31
31
31
31
31
31
31
31
31
31
31
31
31
31
31
31
31
31
31
31
31
31
31
31
31
31
31
31
31
31
31
31
31
31
31
31
31
31
31
31
31
31
31
31
31
31
31
31
31
31
31
31
31
31
31
31
31
31
31
31
238
238
238
238
238
238
238
238
238
238
238
238
238
238
238
238
238
238
238
238
238
238
193
193
193
193
193
193
193
193
193
193
193
193
193
193
193
193
193
193
193
193
31
31
31
31
31
31
31
31
31
31
31
31
31
31
31
31
106
106
31
31
31
31
31
31
31
31
31
31
31
31
31
31
31
31
238
238
238
238
238
238
238
238
238
238
238
238
238
238
238
238
238
238
238
238
238
238
31
31
31
31
31
193
193
193
193
193
193
193
193
193
193
193
193
193
253
253
253
253
253
253
1969
1807
1807
91
91
131
131
131
131
131
131
131
131
131
71
71
71
71
71
71
71
71
71
278
278
278
278
278
278
278
278
278
278
278
278
278
278
278
278
278
278
238
238
238
238
193
193
193
193
193
193
193
193
193
193
193
193
193
193
193
193
193
193
193
193
31
31
31
31
31
31
31
31
31
31
31
31
31
31
31
31
31
31
31
31
31
31
31
31
31
31
238
238
238
238
238
238
238
238
238
238
238
238
238
238
238
238
238
238
238
238
238
238
31
31
31
31
31
31
31
31
31
193
193
193
193
193
193
193
193
193
193
193
193
193
193
193
193
193
193
193
193
31
31
43
43
43
43
43
43
43
115
115
234
234
234
1950
1950
1950
2217
2217
2217
2217
2217
2217
2217
2217
2217
2217
2217
2217
2217
2217
2424
2424
2424
2424
2547
5171
5171
3188
3188
3188
3188
3188
3188
3350
3350
3350
3350
3350
3350
3350
3350
3350
3143
3143
3143
3143
3143
3143
3143
3143
3143
3131
3131
2969
2969
2969
2969
2969
2969
2969
2969
4116
4116
4116
4116
4116
4116
4116
4116
4116
4116
4116
4116
4116
4116
4116
4116
4116
4116
4116
4116
4116
4116
4116
3993
1369
1369
1369
1369
1369
1546
399
222
222
222
222
222
429
429
429
429
429
429
606
768
591
591
641
641
641
641
641
641
641
641
641
818
818
641
434
434
434
434
4774
4612
4612
2896
2896
2896
3073
3073
3391
5107
5107
5107
3391
2824
2824
2824
2824
2824
2824
2824
2824
2824
2824
2824
2705
2705
2705
2705
2705
2705
2725
2725
2675
2675
2675
2675
2675
2675
2675
2675
2655
2655
2655
2655
2655
2667
2667
2667
2667
2667
2667
2667
2667
2667
2874
2874
2874
2874
3036
3036
462
462
462
462
412
412
412
412
412
462
462
462
462
462
462
462
255
255
93
93
93
93
93
93
93
93
93
93
43
43
43
43
43
43
43
43
43
43
43
43
43
43
43
83
83
71
71
71
71
71
71
71
71
71
31
31
31
31
31
31
31
193
193
193
193
193
193
193
193
193
193
205
205
240
240
252
252
252
252
252
252
90
90
90
90
90
90
90
90
90
78
78
78
78
78
78
78
78
78
78
78
78
78
78
78
78
78
78
78
78
78
78
285
285
285
285
285
285
285
285
285
285
285
285
285
285
285
285
285
285
285
273
273
273
66
116
66
66
66
66
66
66
66
66
66
66
31
31
31
31
31
31
31
31
31
31
31
31
31
31
31
193
228
228
228
228
228
228
228
228
228
228
228
228
228
228
228
228
228
228
228
66
66
66
66
66
66
66
66
66
66
66
66
66
66
66
66
66
66
66
66
66
66
66
66
66
66
273
273
273
273
273
1989
1989
1989
273
273
273
273
273
285
404
404
404
404
404
404
404
404
197
197
197
359
359
359
324
324
324
324
324
324
324
324
324
324
324
324
205
205
205
205
205
43
1759
1759
1759
1005
3181
3181
2219
2219
2219
2219
2219
2219
2219
2219
2219
2219
2219
2219
2219
2219
43
43
43
43
43
43
43
91
91
31
31
31
31
31
31
31
31
31
31
31
31
31
31
31
31
31
31
31
31
31
31
31
31
31
238
238
238
238
238
238
238
238
238
238
238
238
238
238
238
238
238
238
238
238
238
238
31
150
150
150
150
185
185
66
66
66
66
66
66
66
66
66
66
66
228
228
228
228
228
228
228
228
240
240
240
240
240
240
240
240
240
240
240
240
78
78
78
78
78
78
78
78
78
78
78
78
78
78
78
78
2171
2171
2171
2171
2171
2171
2171
2171
2171
2171
2171
2171
2171
2171
2378
2378
2378
2378
2378
2497
2497
2497
2497
2497
2462
2343
2343
285
285
285
285
285
273
273
273
273
66
66
66
66
66
66
66
185
185
1901
1901
1901
185
2361
2361
2361
31
193
193
193
193
193
193
193
193
193
193
193
193
193
193
193
193
193
193
193
193
31
31
31
31
31
31
31
31
31
31
31
31
31
31
31
238
238
238
238
238
238
238
238
238
238
238
238
238
238
2568
2568
2568
2449
2449
2449
2449
2449
2242
2242
2242
2242
2242
66
66
66
66
106
106
106
106
106
106
106
106
106
106
268
268
268
268
268
268
268
268
268
268
328
328
328
328
328
328
328
328
378
378
216
181
181
31
31
31
31
31
31
31
31
31
31
31
31
31
31
31
31
31
31
31
31
31
31
31
31
31
31
31
31
31
31
31
238
238
238
238
238
238
238
238
238
238
238
238
238
238
238
238
238
238
238
238
238
238
31
31
31
31
193
193
193
193
193
193
193
193
193
193
193
193
193
193
193
193
193
193
193
193
31
31
31
31
31
31
31
31
31
31
31
31
31
31
31
31
31
31
31
31
31
31
31
31
31
31
31
31
31
31
31
31
31
