0.00
0.00
0.00
0.00
0.00
0.00
0.00
0.00
0.00
0.00
0.00
0.00
0.00
0.00
0.00
0.00
0.00
0.00
0.00
0.00
0.00
0.00
0.00
0.00
0.00
0.00
0.00
0.00
0.00
0.00
0.00
0.00
0.00
0.00
0.00
0.00
0.00
0.00
0.00
0.00
0.00
0.00
0.00
0.00
0.00
0.00
0.00
0.00
0.00
0.00
0.00
0.00
0.00
0.00
0.00
0.00
0.00
0.00
0.00
0.00
0.00
0.00
0.00
0.00
0.00
0.00
0.00
0.00
0.00
0.00
0.00
0.00
0.00
0.00
0.00
0.00
0.00
0.00
0.00
0.00
0.00
0.00
0.00
0.00
0.00
0.00
0.00
0.00
0.00
0.00
0.00
0.00
0.00
0.00
0.00
0.00
0.00
0.00
0.00
0.00
0.00
0.00
0.00
0.00
0.00
0.00
0.00
0.00
0.00
0.00
0.00
0.00
0.00
0.00
0.00
0.00
0.00
0.00
0.00
0.00
0.00
0.00
0.00
0.00
0.00
0.00
0.00
0.00
0.00
0.00
0.00
0.00
0.00
0.00
0.00
0.00
0.00
0.00
0.00
0.00
0.00
0.00
0.00
0.00
0.00
0.00
0.00
0.00
0.00
0.00
0.00
0.00
0.00
0.00
0.00
0.00
0.00
0.00
0.00
0.00
0.00
0.00
0.00
0.00
0.00
0.00
0.00
0.00
0.00
0.00
0.00
0.00
0.00
0.00
0.00
0.00
0.00
0.00
0.00
0.00
0.00
0.00
0.00
0.00
0.00
0.00
0.00
0.00
0.00
0.00
0.00
0.00
0.00
0.00
0.00
0.00
0.00
0.00
0.00
0.00
0.00
0.00
0.00
0.00
0.00
0.00
0.00
0.00
0.00
0.00
0.00
0.00
0.00
0.00
0.00
0.00
0.00
0.00
0.00
0.00
0.00
0.00
0.00
0.00
0.00
0.00
0.00
0.00
0.00
0.00
0.00
0.00
0.00
0.00
0.00
0.00
0.00
0.00
0.00
0.00
0.00
0.00
0.00
0.00
0.00
0.00
0.00
0.00
0.00
0.00
0.00
0.00
0.00
0.00
0.00
0.00
0.00
0.00
0.00
0.00
0.00
0.00
0.00
0.00
0.00
0.00
0.00
0.00
0.00
0.00
0.00
0.00
0.00
0.00
0.00
0.00
0.00
0.00
0.00
0.00
0.00
0.00
0.00
0.00
0.00
0.00
0.00
0.00
0.00
0.00
0.00
0.00
0.00
0.00
0.00
0.00
0.00
0.01
0.02
0.04
0.09
0.15
0.25
0.39
0.58
0.80
1.05
1.43
1.77
2.24
2.36
2.87
3.36
4.04
5.29
4.91
5.72
4.56
5.36
3.89
4.07
4.51
4.49
4.93
5.38
5.64
6.56
7.08
8.40
9.86
9.33
9.95
10.59
11.23
12.28
12.97
14.96
17.55
17.97
18.36
18.71
15.76
16.46
17.77
20.98
24.40
25.36
24.95
23.72
22.35
21.59
21.54
22.26
22.99
25.48
27.17
30.80
37.48
36.59
38.64
34.48
36.49
37.46
37.30
38.25
33.26
35.29
33.64
31.88
32.62
124.07
130.91
130.97
133.77
110.42
69.70
66.57
67.90
66.08
67.35
66.99
66.58
66.10
67.30
68.49
67.90
65.44
66.55
71.42
68.78
135.90
147.94
150.28
162.79
165.29
165.69
102.18
66.96
63.55
71.13
85.67
96.01
90.38
91.62
92.85
86.85
85.54
76.75
77.73
76.18
77.13
148.37
121.20
138.67
140.32
133.79
110.50
111.77
118.70
274.39
193.65
189.95
186.12
185.15
199.21
134.22
123.30
124.58
119.57
120.79
102.74
103.77
108.07
109.13
106.85
104.51
105.50
103.06
93.62
94.49
91.82
89.09
86.30
90.70
91.50
88.61
93.10
108.93
117.43
114.60
111.71
100.99
105.74
110.55
111.44
96.29
88.97
81.52
82.15
62.09
66.74
54.64
55.06
55.47
60.18
60.63
56.71
52.73
53.11
53.49
53.87
54.25
59.18
59.59
69.23
74.35
70.17
70.64
66.37
62.04
57.64
58.02
53.53
58.77
59.15
59.52
59.89
55.24
70.75
76.26
76.73
82.34
88.01
88.54
99.54
115.93
116.61
111.95
112.60
107.85
113.88
114.53
109.68
132.35
133.08
139.38
134.53
123.99
118.99
113.92
125.98
132.40
133.09
133.78
128.62
123.40
129.93
142.46
143.17
143.88
150.61
193.73
182.51
226.18
214.98
222.18
217.03
348.88
363.03
440.17
448.52
456.92
599.25
621.17
347.36
335.98
240.12
228.14
255.33
276.16
277.35
278.54
273.06
280.91
671.63
674.43
677.22
680.01
682.79
685.56
688.33
691.08
693.83
696.58
699.31
702.04
704.76
707.47
710.18
712.88
715.57
718.25
720.92
723.59
726.25
415.47
307.25
227.59
228.41
236.61
237.45
260.62
276.47
277.43
270.86
301.98
303.01
250.82
266.91
260.15
245.65
238.76
231.81
240.31
264.41
273.06
266.09
259.08
252.01
221.20
221.88
214.61
231.21
231.91
240.62
265.47
282.39
258.95
259.70
268.59
269.37
229.21
238.06
238.73
231.15
240.07
232.43
241.39
200.31
200.85
201.39
387.02
362.74
372.15
364.64
365.58
605.18
640.90
702.49
704.25
714.62
500.60
501.83
503.05
547.74
723.36
803.71
875.66
877.71
879.75
881.79
883.81
885.82
843.43
756.33
740.18
741.81
734.48
700.16
737.65
730.21
731.76
751.40
752.97
581.80
710.53
648.08
649.39
659.85
651.98
478.44
470.16
443.36
453.46
435.78
427.31
428.11
419.58
457.72
458.55
740.63
704.39
696.23
801.12
802.52
803.90
805.28
806.64
836.51
837.90
801.13
811.99
813.30
824.19
835.09
865.24
866.59
848.63
859.59
851.21
833.10
834.34
835.56
836.76
837.96
907.45
918.50
821.92
823.05
814.36
913.70
885.40
906.26
917.30
701.20
702.09
594.06
555.14
555.82
556.50
676.55
747.08
747.95
808.72
949.58
440.30
480.86
431.24
461.82
412.06
402.44
402.85
393.18
393.58
585.91
576.37
566.80
557.21
446.19
446.60
396.21
427.07
376.56
376.89
397.60
387.73
418.68
408.80
828.49
890.55
901.48
922.67
923.35
913.76
914.41
925.33
915.68
772.16
782.97
762.86
763.34
774.14
609.35
599.38
413.60
413.84
527.93
538.57
963.72
953.84
954.32
985.91
986.37
986.82
997.65
551.02
572.05
551.47
634.95
635.19
614.59
604.38
708.82
771.61
803.13
803.37
333.96
302.73
553.41
616.21
793.94
783.66
783.81
637.62
554.09
564.63
324.19
303.31
282.43
282.46
261.56
282.51
261.60
293.00
303.48
293.02
303.49
282.56
282.55
313.94
303.46
345.30
345.27
345.25
345.21
334.71
334.67
324.17
313.67
303.16
292.66
323.95
313.44
313.37
250.64
271.46
271.39
281.75
281.67
271.16
260.65
844.22
843.93
843.63
801.68
718.12
717.84
727.94
748.43
768.88
488.13
477.52
435.79
684.48
518.29
590.54
579.88
579.56
589.59
568.58
578.58
650.51
650.11
577.52
556.54
556.18
576.39
524.57
555.05
544.38
502.93
512.82
553.43
491.57
491.19
460.12
480.19
786.05
785.40
794.93
692.42
742.68
721.69
538.24
568.19
527.12
516.49
505.88
464.96
454.40
645.62
665.12
855.71
844.76
813.73
812.86
832.03
831.11
830.19
819.26
818.33
837.32
796.51
487.28
496.63
605.16
614.32
613.56
790.69
503.42
473.20
856.56
865.26
854.29
784.50
773.64
743.23
664.07
682.64
749.84
748.76
776.81
775.67
774.52
773.36
772.19
780.65
769.82
768.63
777.01
775.78
774.53
773.28
800.61
903.95
845.45
815.58
804.73
831.70
830.27
941.84
940.18
938.51
936.83
935.14
933.43
931.71
929.98
928.24
926.49
924.73
922.95
921.16
809.04
770.74
769.21
767.67
757.00
755.46
762.99
761.41
597.00
532.56
486.40
467.38
556.06
894.92
892.96
890.99
889.01
887.02
885.01
644.59
722.40
685.57
710.28
708.62
706.94
696.55
608.02
563.22
535.92
517.36
516.08
454.73
205.40
221.95
238.42
229.31
245.66
278.82
278.09
268.95
268.23
284.23
283.47
282.70
281.92
289.42
263.87
271.36
270.59
269.83
260.90
252.02
259.40
242.48
265.94
289.26
376.52
367.41
358.34
333.43
332.41
331.39
322.49
399.89
422.09
420.75
427.18
425.80
416.71
407.66
390.99
282.73
236.09
227.71
234.51
271.41
240.43
239.61
238.78
260.26
251.94
258.43
257.51
263.92
306.80
305.69
304.58
267.33
244.75
243.84
228.64
227.78
234.00
226.04
218.14
231.31
223.43
250.37
228.60
234.59
233.66
232.71
483.99
475.23
520.60
518.45
502.88
667.70
664.88
662.06
659.23
656.39
653.54
650.69
647.84
644.97
642.10
639.23
636.34
633.45
630.56
395.42
474.81
472.60
414.67
400.39
539.49
536.91
540.39
362.54
372.79
598.31
595.35
592.38
589.40
586.42
583.43
568.83
548.57
551.46
548.57
540.00
531.48
511.76
503.41
456.18
514.55
506.22
503.41
500.61
541.08
538.02
534.96
531.89
528.82
525.74
522.66
519.57
516.48
513.39
510.29
507.19
504.09
500.98
497.86
494.75
344.14
381.03
213.57
202.55
172.48
171.35
174.95
178.49
191.29
199.26
207.11
201.12
213.35
216.38
228.29
435.57
432.47
424.98
434.95
431.78
398.60
327.57
320.90
318.48
357.65
231.10
200.65
182.84
165.28
159.97
368.96
299.09
347.40
325.19
322.51
323.62
339.78
183.42
211.54
213.39
211.53
220.52
336.80
163.34
158.35
230.13
231.46
225.89
233.94
235.09
196.25
148.24
130.48
167.96
131.12
126.63
131.62
117.86
113.58
130.62
132.24
133.81
150.02
247.30
250.34
256.09
250.40
247.56
225.47
225.57
225.61
222.93
212.39
212.40
204.67
179.39
114.76
110.84
106.98
95.99
92.36
100.47
92.20
75.02
67.25
55.26
52.29
57.98
57.14
56.29
53.39
44.49
41.82
41.16
52.08
51.25
50.41
49.58
48.75
49.69
41.85
77.10
53.85
44.61
45.41
44.56
43.71
42.87
36.02
44.13
44.67
43.75
34.54
70.29
48.93
49.13
48.02
46.91
47.01
48.23
35.57
33.57
32.71
31.86
31.01
30.17
32.26
32.30
32.28
33.11
30.37
33.62
35.80
35.42
22.06
21.30
22.67
23.90
23.00
19.59
19.43
12.81
11.16
8.54
8.16
7.79
7.88
7.94
7.12
6.74
6.38
5.66
4.33
4.07
3.81
4.11
3.83
3.32
2.85
2.43
2.04
1.87
1.54
1.26
1.26
1.24
1.10
1.15
1.01
0.81
0.75
0.69
0.54
0.44
0.31
0.20
0.12
0.09
0.07
0.05
0.04
0.03
0.02
0.01
0.01
0.00
0.00
0.00
0.00
0.00
0.00
0.00
0.00
0.00
0.00
0.00
0.00
0.00
0.00
0.00
0.00
0.00
0.00
0.00
0.00
0.00
0.00
0.00
0.00
0.00
0.00
0.00
0.00
0.00
0.00
0.00
0.00
0.00
0.00
0.00
0.00
0.00
0.00
0.00
0.00
0.00
0.00
0.00
0.00
0.00
0.00
0.00
0.00
0.00
0.00
0.00
0.00
0.00
0.00
0.00
0.00
0.00
0.00
0.00
0.00
0.00
0.00
0.00
0.00
0.00
0.00
0.00
0.00
0.00
0.00
0.00
0.00
0.00
0.00
0.00
0.00
0.00
0.00
0.00
0.00
0.00
0.00
0.00
0.00
0.00
0.00
0.00
0.00
0.00
0.00
0.00
0.00
0.00
0.00
0.00
0.00
0.00
0.00
0.00
0.00
0.00
0.00
0.00
0.00
0.00
0.00
0.00
0.00
0.00
0.00
0.00
0.00
0.00
0.00
0.00
0.00
0.00
0.00
0.00
0.00
0.00
0.00
0.00
0.00
0.00
0.00
0.00
0.00
0.00
0.00
0.00
0.00
0.00
0.00
0.00
0.00
0.00
0.00
0.00
0.00
0.00
0.00
0.00
0.00
0.00
0.00
0.00
0.00
0.00
0.00
0.00
0.00
0.00
0.00
0.00
0.00
0.00
0.00
0.00
0.00
0.00
0.00
0.00
0.00
0.00
0.00
