47
147
147
207
207
147
147
147
47
47
47
47
47
47
47
47
47
47
47
47
47
47
47
47
47
47
47
47
47
47
47
47
47
47
47
47
47
47
47
47
47
47
47
47
47
155
155
155
155
155
155
155
155
155
155
155
155
155
155
155
155
155
155
47
47
47
47
47
47
47
47
47
47
47
47
47
47
47
47
47
47
47
47
47
47
47
47
47
47
47
47
47
47
47
47
47
47
47
47
47
47
47
47
47
47
47
47
47
47
47
47
47
47
47
47
47
47
47
47
47
47
47
47
47
47
47
47
47
47
47
47
47
47
47
47
47
47
47
47
47
47
47
47
47
47
47
47
47
47
47
47
47
47
47
47
47
47
47
47
47
47
47
47
47
47
47
47
47
47
47
47
47
47
47
47
47
47
47
47
47
47
47
47
47
47
47
47
47
47
47
47
47
47
47
47
47
47
47
47
155
155
155
155
155
155
155
155
155
155
155
155
155
155
155
155
155
155
47
47
47
47
47
47
47
47
47
47
47
47
47
47
47
47
47
47
47
47
47
47
47
47
47
47
47
47
47
47
47
47
47
47
47
47
47
47
47
47
47
47
47
47
47
47
47
47
47
47
47
47
47
47
47
47
47
47
47
47
47
47
47
47
47
47
47
47
47
155
155
155
155
155
155
155
155
155
155
155
155
155
155
155
155
155
155
47
47
47
47
47
47
47
47
47
47
47
47
47
47
47
47
47
47
47
47
47
47
47
47
47
47
47
47
47
47
47
47
47
47
47
47
47
47
47
47
47
47
47
47
47
47
47
47
47
47
47
47
47
47
155
155
155
155
155
155
155
155
155
155
155
155
155
155
155
155
155
155
47
47
47
47
47
47
47
47
47
47
47
47
47
47
47
47
47
47
47
47
47
47
47
47
47
47
47
47
47
47
47
47
47
47
47
47
47
59
59
59
59
59
59
59
47
47
47
47
47
155
155
155
155
155
237
237
167
167
167
167
167
167
167
167
167
167
167
59
59
59
59
59
59
119
119
119
119
119
119
119
119
119
119
119
119
119
119
119
119
119
119
119
119
119
119
119
119
119
119
119
119
119
59
59
59
59
59
47
47
47
47
47
47
47
47
47
47
47
47
47
47
47
47
47
47
47
47
47
47
47
47
47
47
47
47
47
47
47
47
47
47
47
47
47
47
47
47
47
47
47
47
47
47
47
47
47
47
47
47
47
155
155
155
155
155
155
155
155
155
155
155
155
155
155
155
155
155
155
147
147
147
147
147
147
147
147
147
147
147
147
147
147
147
147
147
247
147
147
147
147
147
147
147
147
147
147
147
147
147
147
147
147
147
147
147
147
247
247
247
247
247
247
247
287
307
307
307
307
307
307
359
359
359
359
359
359
259
259
2242
2242
2254
2254
2254
2254
2254
2254
2254
2254
2254
2254
2254
2154
2262
2262
2262
2262
2262
2262
2262
279
279
279
279
279
279
279
279
279
279
279
171
171
171
171
171
171
171
171
171
296
296
171
171
171
171
171
171
171
171
171
171
171
171
241
241
241
241
241
241
241
229
229
229
229
229
229
229
229
229
229
229
229
229
229
229
229
229
229
229
229
229
229
406
406
229
229
229
229
229
229
229
229
229
229
229
514
514
397
397
337
337
337
337
337
337
337
337
462
639
639
473
473
473
365
365
365
365
365
365
365
365
542
542
860
860
860
860
860
293
293
293
293
293
293
293
293
293
305
305
305
365
365
365
365
265
265
265
265
265
265
265
265
265
265
265
265
265
265
265
265
265
265
265
265
265
265
265
265
265
265
265
265
265
265
265
265
265
265
373
373
393
393
393
382
382
312
312
312
312
312
312
312
312
312
312
312
204
192
172
172
172
172
172
172
172
172
172
172
172
172
172
172
172
172
172
172
172
172
172
172
1600
1600
1600
1600
1600
1600
1600
1600
1600
1600
1600
1600
1600
1600
1600
1600
1600
1600
1600
1600
1600
1600
1640
1640
1640
1748
1748
1748
1748
1748
320
380
380
380
380
380
380
380
380
380
380
380
380
272
272
342
342
342
342
342
470
470
470
470
470
470
470
470
400
400
500
500
500
500
500
560
560
500
500
500
500
500
500
500
500
500
500
500
500
500
500
500
500
500
508
508
508
508
508
508
508
508
508
519
519
519
519
519
519
519
519
519
411
411
411
411
411
411
411
411
411
411
411
411
411
411
411
411
411
411
411
411
411
411
411
411
411
411
411
411
411
411
411
411
411
411
411
2585
2585
2585
2585
2585
2585
2585
2585
2585
2585
2585
2585
2585
2585
2585
2585
2585
2585
2585
2585
2645
2585
2585
2585
2585
2525
2525
351
351
340
340
340
340
340
340
340
340
340
340
340
340
340
340
340
340
340
340
340
340
340
340
340
340
340
340
400
400
400
400
508
508
508
508
508
508
508
508
508
508
508
508
508
508
508
508
508
508
400
400
400
400
400
400
400
400
400
400
400
400
400
400
400
400
400
400
360
360
360
360
360
360
360
360
360
360
360
360
360
360
360
360
360
360
300
300
175
175
175
175
186
198
198
198
198
198
198
198
198
198
198
198
198
198
306
306
306
306
306
306
306
306
306
306
306
306
2627
2627
2627
306
306
306
198
198
198
198
198
198
198
198
198
198
198
198
198
198
198
198
198
198
198
198
198
198
198
198
198
198
198
198
238
226
226
226
226
226
226
226
226
226
226
226
286
275
275
215
215
315
315
275
275
275
275
275
275
275
275
275
275
275
315
315
315
315
187
187
187
187
247
247
247
247
247
247
247
247
319
319
427
427
427
427
427
427
2410
2410
2410
2410
2410
2410
2410
2410
2410
2410
2410
2410
2302
2302
2302
2302
2302
2302
2302
4623
4623
2640
319
319
419
544
544
614
614
614
556
496
596
596
656
656
2681
2681
2641
2641
2641
2641
2641
2641
2701
2771
2771
2771
2723
2711
2791
2791
2791
2791
2791
2731
706
706
766
766
766
606
606
606
677
677
617
617
657
765
765
765
765
765
765
765
825
825
825
925
865
865
865
925
1102
1042
865
757
882
882
930
860
735
735
735
715
715
892
832
655
715
615
615
740
740
740
740
740
740
800
977
977
960
900
900
940
840
840
740
800
800
800
800
917
917
1235
1235
1275
1110
1218
671
671
671
671
671
671
631
560
560
560
560
560
660
535
535
535
575
467
467
592
592
592
467
467
467
467
467
467
467
467
467
467
467
467
467
487
487
487
427
427
427
552
552
552
552
552
552
552
552
552
552
2873
2833
2853
532
472
472
472
472
472
472
472
597
597
597
597
597
597
597
597
609
609
629
629
47
47
47
47
47
47
47
47
47
47
47
47
47
47
47
47
47
47
47
47
47
47
47
47
47
47
47
47
47
47
