51
51
51
51
51
51
51
51
51
51
51
51
51
51
51
51
51
51
51
51
51
51
51
51
51
51
51
51
51
51
51
51
51
51
51
51
51
51
51
51
51
51
51
51
51
51
51
51
51
51
51
51
51
51
51
51
51
51
51
51
51
51
51
51
51
51
51
51
51
51
51
51
51
51
51
51
51
51
371
371
371
371
371
371
371
371
371
371
371
371
371
371
371
371
371
371
260
260
260
260
51
51
51
51
51
51
51
51
51
51
51
51
51
51
51
51
51
51
51
51
51
51
51
51
51
51
51
51
51
51
51
51
51
51
51
51
51
51
51
51
51
51
51
51
51
51
51
51
51
51
51
51
51
51
51
51
51
51
51
51
51
51
51
51
260
260
371
371
371
371
371
371
371
371
371
371
371
371
371
371
371
371
371
371
260
260
51
51
51
51
51
51
51
51
51
51
51
51
51
51
51
51
51
51
51
51
51
51
51
51
51
51
51
51
51
51
51
51
51
51
51
51
51
51
51
51
51
51
51
51
51
51
51
51
51
51
51
162
162
162
162
162
162
371
371
371
371
371
371
371
371
371
371
371
371
260
260
260
260
260
260
260
260
260
260
51
51
51
51
51
51
51
51
51
51
51
51
51
51
51
51
51
51
51
51
51
51
51
51
51
51
51
51
51
51
51
51
51
51
51
51
51
51
51
162
162
162
162
162
162
162
162
162
162
162
162
162
371
371
371
371
371
260
260
260
260
260
260
260
260
260
260
260
260
260
260
260
260
260
51
51
51
51
51
51
51
51
51
51
51
51
51
51
51
51
51
51
51
51
51
51
51
51
51
51
51
51
51
51
51
51
51
51
162
162
162
162
162
162
162
162
162
162
162
162
371
371
371
371
371
371
260
260
260
260
260
260
260
260
260
260
260
260
260
260
260
260
51
51
51
51
51
51
51
51
51
51
51
51
51
51
51
51
51
51
51
51
51
51
51
51
51
51
191
191
191
191
191
191
191
191
191
302
302
302
302
302
302
302
302
302
302
302
302
302
511
511
511
511
511
400
1309
1309
1309
400
400
400
400
400
400
400
400
400
400
400
400
400
191
191
191
191
191
191
191
191
251
251
251
251
251
266
266
266
266
266
266
266
266
266
206
206
206
317
317
424
424
549
549
549
549
549
549
549
549
549
549
549
424
424
424
313
313
313
313
313
313
313
313
313
313
313
313
313
313
313
313
313
313
313
313
206
206
206
206
206
206
206
206
206
206
191
191
206
206
206
415
415
415
415
415
415
415
415
415
415
415
415
415
415
415
415
415
415
415
415
415
526
317
317
317
317
317
317
317
317
317
317
317
317
317
317
317
317
317
206
206
206
206
206
206
206
206
206
206
206
206
206
206
206
206
206
206
191
191
191
191
191
191
191
191
191
206
206
206
278
278
278
487
487
487
487
487
2470
2470
2470
2470
2470
2470
2470
2470
2470
2470
2470
2470
2470
2470
2470
2470
2470
2261
2261
2261
2261
278
278
278
278
278
278
278
389
389
389
389
389
389
464
464
464
464
464
464
464
464
389
389
389
389
278
278
278
263
263
263
495
495
495
495
495
495
495
495
388
388
388
388
388
388
388
388
388
388
388
388
388
597
597
597
597
597
597
597
597
597
597
597
774
2844
2667
2667
597
597
597
597
597
597
597
388
401
578
638
461
401
261
261
261
261
261
261
261
261
301
438
438
372
372
372
372
372
372
372
372
372
372
372
549
549
867
867
867
867
867
189
189
189
189
189
189
189
189
296
296
296
296
296
296
296
296
296
296
296
296
1205
1205
1205
436
436
436
436
436
436
436
436
436
436
436
436
436
645
645
645
632
632
632
632
632
632
632
632
632
632
692
692
692
692
692
692
692
692
692
483
483
483
483
483
483
483
594
594
594
594
594
594
594
594
594
654
654
654
654
654
654
654
654
669
558
558
558
558
558
558
558
558
558
498
498
498
498
498
498
498
498
498
498
498
498
498
498
498
498
498
498
498
498
498
498
498
498
498
498
498
498
498
510
719
719
830
830
830
830
830
830
830
830
830
723
723
723
723
723
723
723
723
723
597
597
388
388
388
388
388
388
388
388
388
388
2458
2458
2458
388
388
388
388
388
388
388
388
328
341
341
1250
1250
1250
413
413
413
413
413
413
413
413
2396
2384
2399
2399
2399
2399
2399
2506
2506
2506
2399
2399
2399
2399
2399
2608
2608
2608
2608
2608
2608
625
625
625
625
625
625
625
625
625
625
625
625
625
2695
2695
2695
416
416
416
416
416
416
416
527
527
527
527
527
527
527
527
527
527
527
527
527
527
527
234
234
234
123
123
123
123
123
123
123
123
123
123
123
123
123
123
123
123
123
123
123
123
123
123
300
300
123
123
123
123
123
123
123
123
123
123
123
300
300
123
123
123
123
123
123
123
123
123
123
123
300
300
123
123
332
332
332
332
332
332
332
332
332
509
509
827
827
827
827
827
260
260
260
260
260
260
51
51
51
51
51
51
51
51
51
51
51
51
51
344
331
331
316
316
316
316
316
316
316
423
423
423
423
423
1332
1332
1332
423
423
423
423
423
423
423
423
423
423
423
423
423
423
438
313
313
313
313
313
313
313
522
522
522
522
522
522
522
1542
1542
1542
371
371
371
371
371
371
371
371
371
371
371
371
162
162
162
51
51
51
51
51
51
51
51
51
51
51
51
51
51
51
51
51
51
51
51
51
51
51
51
51
51
51
51
51
51
51
51
51
51
51
313
313
313
313
313
313
313
424
424
424
633
633
633
633
633
526
526
526
526
526
526
526
526
526
526
415
415
415
415
415
428
428
219
219
219
79
79
204
204
204
204
204
189
189
189
189
189
215
215
215
215
215
90
90
90
90
90
90
90
90
90
90
90
102
102
102
102
102
102
102
102
102
102
102
102
202
202
202
202
202
51
51
51
51
162
162
162
162
162
162
162
162
162
162
162
371
371
371
371
371
371
371
260
260
260
260
260
260
260
260
260
260
260
260
260
260
260
51
51
51
51
51
51
51
51
51
51
51
51
51
51
51
51
51
51
51
51
51
51
51
51
51
51
51
51
51
51
51
51
51
51
51
51
51
51
51
51
51
51
51
51
51
51
51
260
260
260
260
260
260
260
260
260
260
260
260
260
260
260
260
260
260
260
260
260
260
51
51
51
51
51
51
51
51
51
51
51
51
51
51
51
51
51
51
51
51
51
51
51
51
162
162
162
162
162
162
162
162
162
162
162
162
162
162
162
162
162
162
51
51
51
51
51
51
51
51
51
51
51
51
51
51
51
51
51
51
51
51
51
51
