0.00
0.00
0.00
0.00
0.00
0.00
0.00
0.00
0.00
0.00
0.00
0.00
0.00
0.00
0.00
0.00
0.00
0.00
0.00
0.00
0.00
0.00
0.00
0.00
0.00
0.00
0.00
0.00
0.00
0.00
0.00
0.00
0.00
0.00
0.00
0.00
0.00
0.00
0.00
0.00
0.00
0.00
0.00
0.00
0.00
0.00
0.00
0.00
0.00
0.00
0.00
0.00
0.00
0.00
0.00
0.00
0.00
0.00
0.00
0.00
0.00
0.00
0.00
0.00
0.00
0.00
0.00
0.00
0.00
0.00
0.00
0.00
0.00
0.00
0.00
0.00
0.00
0.00
0.00
0.00
0.00
0.00
0.00
0.00
0.00
0.00
0.00
0.00
0.00
0.00
0.00
0.00
0.00
0.00
0.00
0.00
0.00
0.00
0.00
0.00
0.00
0.00
0.00
0.00
0.00
0.00
0.00
0.00
0.00
0.00
0.00
0.00
0.00
0.00
0.00
0.00
0.00
0.00
0.00
0.00
0.00
0.00
0.00
0.00
0.00
0.00
0.00
0.00
0.00
0.00
0.00
0.00
0.00
0.00
0.00
0.00
0.00
0.00
0.00
0.00
0.00
0.00
0.00
0.00
0.00
0.00
0.00
0.00
0.00
0.00
0.00
0.00
0.00
0.00
0.00
0.00
0.00
0.00
0.00
0.00
0.00
0.00
0.00
0.00
0.00
0.00
0.00
0.00
0.00
0.00
0.00
0.00
0.00
0.00
0.00
0.00
0.00
0.00
0.00
0.00
0.00
0.00
0.00
0.00
0.00
0.00
0.00
0.00
0.00
0.00
0.00
0.00
0.00
0.00
0.00
0.00
0.00
0.00
0.00
0.00
0.00
0.00
0.00
0.00
0.00
0.00
0.00
0.00
0.00
0.00
0.00
0.00
0.00
0.00
0.00
0.00
0.00
0.00
0.00
0.00
0.00
0.00
0.00
0.00
0.00
0.00
0.00
0.00
0.00
0.00
0.00
0.00
0.00
0.00
0.00
0.00
0.00
0.00
0.00
0.00
0.00
0.00
0.00
0.00
0.00
0.00
0.00
0.00
0.00
0.00
0.00
0.00
0.00
0.00
0.00
0.00
0.00
0.00
0.00
0.00
0.00
0.00
0.00
0.00
0.00
0.00
0.00
0.00
0.00
0.00
0.00
0.00
0.00
0.00
0.00
0.00
0.00
0.00
0.00
0.00
0.00
0.00
0.00
0.00
0.00
0.00
0.00
0.00
0.00
0.00
0.00
0.00
0.00
0.00
0.00
0.00
0.00
0.00
0.00
0.01
0.04
0.07
0.14
0.22
0.31
0.43
0.79
1.01
1.06
1.14
1.09
1.33
1.81
1.78
2.09
2.42
2.78
3.07
3.68
4.01
4.47
8.74
9.47
10.91
9.42
13.37
13.80
15.14
20.22
22.81
24.39
26.65
28.34
30.07
32.23
34.46
36.76
38.70
41.14
44.15
46.25
48.92
51.10
52.71
54.91
56.50
57.40
58.21
58.94
57.36
59.38
54.24
51.94
51.08
52.71
54.35
51.33
59.58
77.13
79.31
99.27
104.11
69.41
20.35
20.86
21.38
23.12
23.68
22.96
24.79
26.68
28.64
32.05
31.31
29.06
35.59
37.82
86.41
78.66
93.01
91.50
98.20
57.63
58.67
59.71
60.76
67.26
166.37
169.15
173.85
176.68
179.50
182.34
187.21
206.61
209.74
110.69
142.57
144.64
182.28
184.86
75.44
69.53
70.47
66.66
62.72
73.32
79.23
77.73
71.10
64.28
67.68
60.60
61.33
67.46
68.26
71.82
81.04
79.14
80.03
83.82
84.75
91.58
89.59
84.51
85.41
86.31
84.09
81.81
82.65
77.06
77.83
75.32
72.75
73.46
74.17
74.87
79.01
79.75
83.99
88.29
89.09
100.68
87.07
87.84
88.61
89.38
90.15
94.70
95.50
100.16
108.76
109.65
217.15
139.30
140.42
141.54
138.58
127.34
157.31
158.52
159.73
148.23
145.08
365.39
368.09
375.15
377.88
367.32
374.41
336.67
343.56
355.06
357.52
359.98
329.91
261.98
263.74
412.47
415.20
374.69
391.64
369.84
396.70
379.52
376.96
379.32
467.07
469.95
508.43
511.53
391.12
393.47
427.06
445.31
453.19
455.84
357.19
461.12
426.01
423.00
430.83
427.76
413.59
260.61
228.59
330.73
315.61
334.30
341.77
274.86
270.55
271.96
273.37
268.93
276.18
301.20
320.53
334.06
335.72
325.33
345.08
340.68
372.89
479.10
499.90
539.47
579.39
569.58
578.51
600.13
609.23
401.62
333.00
328.06
303.68
292.04
267.25
530.29
539.17
541.49
490.76
392.94
401.29
416.41
411.40
399.56
387.61
402.85
548.45
454.30
518.31
659.14
661.75
671.34
673.96
676.57
325.44
326.68
327.92
293.38
294.48
295.58
296.67
297.76
298.85
321.88
315.70
611.55
621.11
623.31
632.94
665.03
667.33
669.62
619.06
590.86
592.85
655.84
658.02
675.55
670.06
734.05
751.93
777.68
780.16
391.31
392.55
433.15
616.19
594.32
580.24
589.98
591.76
641.66
643.57
726.15
712.10
284.05
284.87
399.97
540.27
550.01
592.72
635.65
637.42
639.18
665.90
667.71
669.51
595.78
294.48
295.25
296.03
313.76
306.07
281.28
282.00
274.14
231.89
241.08
224.41
216.31
182.14
182.58
191.73
192.19
192.64
193.10
184.75
185.18
185.60
194.88
204.20
613.97
766.93
768.62
770.30
780.95
773.64
784.30
740.80
742.35
743.90
763.62
865.39
912.79
914.63
916.46
918.28
920.08
921.88
923.66
925.43
927.19
928.94
930.68
932.40
934.11
935.82
937.50
939.18
940.85
942.50
944.14
945.77
947.38
948.99
950.58
952.16
953.73
955.28
956.83
958.36
959.88
961.38
962.88
964.36
965.83
967.28
968.73
970.16
806.41
817.31
945.14
946.48
938.04
939.34
950.43
873.23
864.57
865.72
847.16
818.67
770.34
711.98
752.48
753.41
754.33
795.00
795.95
846.69
777.87
648.97
659.70
560.38
901.61
872.51
742.93
884.43
704.26
725.14
614.98
615.60
606.11
616.82
657.90
678.79
588.16
710.50
721.31
711.78
539.40
539.86
693.25
673.42
653.55
592.76
531.87
522.05
522.45
481.84
461.68
441.48
410.97
462.67
473.27
483.89
484.21
391.74
381.67
381.91
402.79
403.03
579.05
558.68
548.64
362.50
383.42
373.24
840.21
830.24
820.24
882.94
987.25
769.35
728.06
749.16
739.05
676.84
437.50
323.03
312.71
333.67
333.77
344.30
386.14
396.68
323.69
323.77
417.86
449.30
491.19
491.28
491.36
501.90
449.68
439.28
449.79
449.84
439.42
481.31
470.87
481.36
491.84
596.51
722.09
805.81
805.80
816.24
816.21
868.48
784.71
784.65
617.20
324.25
282.38
366.00
397.31
386.79
376.27
407.55
407.47
459.61
480.39
469.83
469.71
500.89
479.88
500.59
490.01
343.94
343.82
364.53
364.40
364.26
353.72
343.17
353.42
280.54
290.80
321.81
321.66
290.39
383.53
393.70
403.84
362.23
362.03
361.82
351.28
340.74
330.22
330.01
371.03
370.78
360.25
380.57
380.31
410.85
246.34
246.15
245.97
225.30
214.89
235.17
265.64
224.59
244.80
234.40
234.20
254.34
1016.47
1015.56
1014.63
1013.69
1012.73
1011.76
1010.78
1009.78
1008.78
1007.75
1006.72
1005.67
1004.61
1003.53
1002.44
1001.34
1000.23
999.10
997.96
996.81
965.77
954.68
943.60
436.51
852.12
841.17
444.76
454.07
276.03
275.67
314.64
324.04
333.41
313.37
312.94
488.29
516.86
594.03
700.14
854.49
853.24
668.02
686.36
656.36
645.72
654.35
480.39
479.64
498.03
468.54
420.05
438.43
380.61
455.97
464.69
710.05
746.64
811.40
791.14
780.35
778.96
777.57
654.60
728.08
764.00
753.29
751.88
741.19
924.73
922.95
921.16
919.36
917.55
915.73
913.89
912.05
800.97
826.57
824.86
823.14
857.51
828.67
835.89
735.43
733.84
741.16
748.43
737.88
753.97
663.76
750.55
757.64
755.89
789.20
796.10
794.22
792.32
790.42
788.51
717.44
715.68
713.91
643.49
641.87
640.25
374.66
348.22
381.20
447.80
480.33
504.28
410.73
401.27
591.95
698.43
696.52
694.60
634.95
649.62
623.19
605.07
595.19
593.48
616.08
614.28
733.36
795.47
801.11
798.71
796.30
793.88
791.45
789.01
786.56
784.11
781.64
779.17
776.68
774.19
771.69
769.18
766.66
764.13
761.59
759.05
756.49
753.93
751.36
748.78
746.19
743.59
740.99
738.37
735.75
733.12
708.57
706.01
703.43
700.85
698.26
710.01
707.35
690.45
709.10
706.39
703.67
700.95
698.22
695.48
692.74
275.99
261.14
294.32
286.31
257.98
256.92
255.86
248.09
460.71
445.47
476.68
454.87
223.17
464.02
514.05
511.79
561.13
558.63
556.13
598.16
589.11
586.42
583.72
574.77
572.09
563.21
579.03
533.36
512.50
503.96
501.51
499.06
508.57
327.44
319.88
288.81
269.75
332.56
330.85
467.73
471.04
468.57
466.10
452.32
404.91
402.73
389.42
365.16
368.66
465.11
484.28
530.26
521.88
288.88
281.90
280.27
289.16
287.46
327.33
237.58
251.56
244.94
385.46
403.27
400.78
398.29
395.80
393.30
390.80
334.91
318.29
306.63
309.39
312.08
380.46
377.91
375.36
372.81
374.82
372.23
378.66
438.67
435.57
432.47
429.36
426.25
423.14
420.03
314.81
240.68
238.86
203.78
198.09
204.75
199.09
185.43
179.97
202.33
200.70
222.49
232.28
222.68
197.98
154.79
175.93
178.14
253.86
266.24
267.52
326.05
319.58
292.06
142.96
141.64
208.78
183.09
191.43
186.27
187.77
172.89
148.58
108.73
110.80
106.55
108.56
119.72
100.24
93.17
101.10
100.01
98.92
106.47
150.81
219.45
200.27
200.72
111.43
110.12
103.50
102.26
129.51
127.92
123.80
119.75
118.23
114.28
134.38
130.24
144.86
147.51
131.85
170.38
159.15
93.69
96.64
97.34
114.67
174.56
149.66
123.46
121.53
106.10
100.60
100.82
84.47
79.44
78.08
74.99
73.67
74.04
71.05
90.82
89.12
90.55
102.58
96.06
98.55
83.58
129.83
127.09
125.72
124.30
122.82
114.99
113.57
114.51
111.76
94.10
91.75
88.32
86.02
84.76
82.46
81.15
78.84
74.71
85.01
81.56
76.49
50.45
48.80
33.47
44.07
31.17
26.63
26.29
29.70
29.14
23.88
23.99
25.63
23.98
22.39
23.65
21.61
21.35
19.04
17.63
16.99
17.99
15.34
12.90
25.20
23.48
21.32
17.32
18.40
17.08
15.62
14.52
13.15
10.83
9.70
8.62
7.70
7.13
6.25
5.55
4.76
4.12
3.41
2.25
1.76
1.31
1.00
0.74
0.23
0.16
0.12
0.07
0.05
0.03
0.01
0.00
0.00
0.00
0.00
0.00
0.00
0.00
0.00
0.00
0.00
0.00
0.00
0.00
0.00
0.00
0.00
0.00
0.00
0.00
0.00
0.00
0.00
0.00
0.00
0.00
0.00
0.00
0.00
0.00
0.00
0.00
0.00
0.00
0.00
0.00
0.00
0.00
0.00
0.00
0.00
0.00
0.00
0.00
0.00
0.00
0.00
0.00
0.00
0.00
0.00
0.00
0.00
0.00
0.00
0.00
0.00
0.00
0.00
0.00
0.00
0.00
0.00
0.00
0.00
0.00
0.00
0.00
0.00
0.00
0.00
0.00
0.00
0.00
0.00
0.00
0.00
0.00
0.00
0.00
0.00
0.00
0.00
0.00
0.00
0.00
0.00
0.00
0.00
0.00
0.00
0.00
0.00
0.00
0.00
0.00
0.00
0.00
0.00
0.00
0.00
0.00
0.00
0.00
0.00
0.00
0.00
0.00
0.00
0.00
0.00
0.00
0.00
0.00
0.00
0.00
0.00
0.00
0.00
0.00
0.00
0.00
0.00
0.00
0.00
0.00
0.00
0.00
0.00
0.00
0.00
0.00
0.00
0.00
0.00
0.00
0.00
0.00
0.00
0.00
0.00
0.00
0.00
0.00
0.00
0.00
0.00
0.00
0.00
0.00
0.00
0.00
0.00
0.00
0.00
0.00
0.00
0.00
0.00
0.00
0.00
0.00
0.00
0.00
0.00
0.00
