51
51
51
51
51
51
51
51
51
51
51
51
51
51
51
51
51
51
51
51
51
51
51
51
51
51
51
51
51
51
51
51
51
51
51
51
51
51
51
51
51
51
51
51
51
51
51
51
51
51
51
51
51
51
51
51
51
51
51
51
51
51
51
51
51
51
51
51
51
51
51
51
51
51
51
51
51
51
51
51
51
51
51
51
51
164
164
164
164
164
164
164
164
164
164
164
164
164
164
164
164
164
164
51
51
51
51
51
51
51
51
51
51
51
51
51
51
51
51
51
51
51
51
51
51
51
51
51
51
51
51
51
51
51
51
51
51
51
51
51
51
51
51
51
51
51
237
237
237
237
237
237
237
237
237
237
237
237
237
237
237
237
237
237
237
237
237
237
51
51
51
51
51
51
51
164
164
164
164
164
164
164
164
184
184
244
349
244
224
224
164
164
164
51
51
51
51
51
51
51
51
51
51
51
51
51
51
51
51
51
51
51
51
51
51
51
51
51
51
51
51
51
51
51
51
51
51
51
51
237
237
237
237
237
237
350
350
350
350
350
350
350
350
350
350
350
350
350
350
350
350
164
164
51
51
51
51
51
51
51
51
51
51
51
51
51
51
51
51
51
51
51
51
51
51
51
51
51
51
51
51
51
51
51
51
51
51
51
51
51
51
51
51
51
51
51
51
51
51
51
51
51
51
51
51
51
237
237
237
237
237
237
237
237
237
237
237
237
237
237
237
237
237
237
237
350
350
350
164
164
164
164
164
164
164
164
164
164
164
164
164
164
164
51
51
51
51
51
51
51
51
51
51
51
51
51
51
51
51
51
51
51
51
51
51
51
51
51
51
51
51
51
51
51
51
51
51
51
51
51
51
51
51
51
51
51
51
51
51
51
164
164
164
164
164
164
164
164
164
164
164
164
164
350
350
350
350
350
237
237
237
237
237
237
237
237
237
237
237
237
237
237
237
237
237
51
51
51
51
51
51
51
51
51
51
51
51
51
51
51
51
51
51
51
51
51
51
51
51
51
51
51
51
51
51
51
51
51
51
51
51
51
51
51
51
51
51
51
51
51
51
51
51
51
51
51
51
51
51
51
51
51
51
51
51
51
51
51
51
51
51
51
51
51
51
51
51
51
51
51
51
51
51
51
51
51
51
51
51
51
151
151
151
151
151
151
151
151
151
151
151
151
151
151
151
151
151
151
151
151
337
337
337
337
337
337
337
337
337
337
337
337
337
450
450
450
450
450
450
450
450
450
264
264
382
382
264
264
264
264
264
151
151
151
151
151
151
151
151
151
151
151
151
151
151
151
151
151
151
151
51
51
51
51
51
51
51
51
51
51
51
51
51
51
51
51
51
164
164
164
164
164
164
164
164
164
164
164
164
164
164
164
264
264
264
151
151
151
151
151
151
151
151
151
151
151
151
151
151
151
1869
1869
1869
2055
2055
2055
2055
2055
2055
2055
2055
2055
2055
2055
2055
2055
2055
2055
2055
2055
337
337
337
337
2394
2208
2208
151
151
162
162
162
162
162
162
162
162
162
162
162
162
162
162
162
162
162
162
162
162
162
162
162
162
162
162
162
162
162
162
162
162
162
162
162
234
234
234
234
342
2399
2399
2399
2325
2325
2325
2325
2325
2325
2325
2325
2325
2325
2325
2325
2325
2325
2511
2511
2531
2520
2520
2520
2520
537
537
537
537
537
537
537
537
537
517
517
517
517
517
517
444
444
444
444
444
469
469
469
469
469
469
469
469
469
469
469
469
469
356
356
356
356
356
356
416
356
356
356
356
356
356
356
368
368
368
368
368
368
368
368
368
368
368
368
368
268
454
454
631
631
454
454
454
454
454
346
346
346
346
346
346
523
523
346
346
346
346
346
160
160
160
160
160
160
337
450
273
273
248
248
248
356
356
356
356
356
248
425
425
743
743
743
743
630
63
63
63
63
63
63
123
123
148
88
88
76
76
76
76
76
76
76
262
262
334
334
334
334
334
334
334
334
2317
2329
2329
2329
2329
2329
2329
2329
2329
2542
2542
2542
2356
2356
2356
2356
2356
2396
2396
2396
2396
413
413
413
313
313
313
200
220
220
220
220
220
220
220
220
220
200
200
200
200
200
200
200
200
200
200
200
200
200
180
180
180
155
155
155
155
155
155
155
155
155
155
273
273
2330
2516
2576
519
519
499
499
612
612
600
600
600
600
612
612
612
612
612
612
789
789
612
612
426
426
313
313
313
313
313
195
195
372
372
195
195
195
195
206
206
206
206
206
206
206
323
323
146
146
146
146
146
146
146
146
146
251
251
428
428
746
746
746
746
746
179
179
179
179
365
365
365
365
365
365
365
365
365
465
465
465
465
465
465
465
465
453
453
453
453
453
267
267
267
267
267
327
387
316
316
369
369
369
369
369
457
457
584
584
584
584
584
584
584
584
584
584
584
471
471
471
471
471
496
496
496
496
496
496
496
496
496
496
496
496
496
604
604
604
604
644
644
656
656
656
656
656
656
656
656
656
656
656
656
656
842
842
842
842
842
842
2899
2794
2794
737
649
660
660
660
660
660
778
778
678
678
678
678
492
492
492
492
492
492
492
492
492
605
605
605
605
605
605
605
605
605
565
540
540
540
540
432
432
457
457
344
344
344
344
344
344
344
344
344
344
344
332
332
332
344
344
344
344
344
344
344
344
333
333
333
333
333
333
333
333
333
333
333
333
333
333
333
333
333
632
632
632
632
632
632
632
632
632
632
632
632
632
632
632
632
632
692
579
579
579
579
393
393
393
393
393
393
393
393
393
393
368
393
393
393
393
393
393
393
393
393
393
393
393
393
393
393
381
381
381
481
481
481
481
481
481
481
481
481
481
481
421
421
421
421
421
421
421
421
421
421
421
421
646
646
646
646
646
646
646
646
646
546
546
546
546
546
546
448
448
548
548
428
528
528
442
502
502
615
615
727
727
827
807
768
743
743
743
643
643
643
643
703
643
643
643
635
695
635
635
635
635
635
635
635
635
635
535
475
575
575
575
595
606
666
606
606
666
666
606
606
606
606
606
606
606
666
666
912
852
892
772
772
772
772
772
945
945
1113
1113
1113
1113
1113
986
986
926
926
926
826
726
540
640
640
628
515
515
515
515
515
515
575
635
635
695
735
635
635
635
635
695
607
607
707
696
696
696
591
591
531
531
531
531
531
531
531
531
531
658
658
758
758
758
871
871
871
811
811
811
929
929
929
929
929
1034
1102
1002
1042
1042
1042
1002
889
889
889
889
889
889
889
889
1007
1007
1027
237
237
237
237
237
51
51
51
51
51
51
51
51
51
51
51
51
51
51
51
51
51
51
51
51
51
51
51
51
51
