0.00
0.00
0.00
0.00
0.00
0.00
0.00
0.00
0.00
0.00
0.00
0.00
0.00
0.00
0.00
0.00
0.00
0.00
0.00
0.00
0.00
0.00
0.00
0.00
0.00
0.00
0.00
0.00
0.00
0.00
0.00
0.00
0.00
0.00
0.00
0.00
0.00
0.00
0.00
0.00
0.00
0.00
0.00
0.00
0.00
0.00
0.00
0.00
0.00
0.00
0.00
0.00
0.00
0.00
0.00
0.00
0.00
0.00
0.00
0.00
0.00
0.00
0.00
0.00
0.00
0.00
0.00
0.00
0.00
0.00
0.00
0.00
0.00
0.00
0.00
0.00
0.00
0.00
0.00
0.00
0.00
0.00
0.00
0.00
0.00
0.00
0.00
0.00
0.00
0.00
0.00
0.00
0.00
0.00
0.00
0.00
0.00
0.00
0.00
0.00
0.00
0.00
0.00
0.00
0.00
0.00
0.00
0.00
0.00
0.00
0.00
0.00
0.00
0.00
0.00
0.00
0.00
0.00
0.00
0.00
0.00
0.00
0.00
0.00
0.00
0.00
0.00
0.00
0.00
0.00
0.00
0.00
0.00
0.00
0.00
0.00
0.00
0.00
0.00
0.00
0.00
0.00
0.00
0.00
0.00
0.00
0.00
0.00
0.00
0.00
0.00
0.00
0.00
0.00
0.00
0.00
0.00
0.00
0.00
0.00
0.00
0.00
0.00
0.00
0.00
0.00
0.00
0.00
0.00
0.00
0.00
0.00
0.00
0.00
0.00
0.00
0.00
0.00
0.00
0.00
0.00
0.00
0.00
0.00
0.00
0.00
0.00
0.00
0.00
0.00
0.00
0.00
0.00
0.00
0.00
0.00
0.00
0.00
0.00
0.00
0.00
0.00
0.00
0.00
0.00
0.00
0.00
0.00
0.00
0.00
0.00
0.00
0.00
0.00
0.00
0.00
0.00
0.00
0.00
0.00
0.00
0.00
0.00
0.00
0.00
0.00
0.00
0.00
0.00
0.00
0.00
0.00
0.00
0.00
0.00
0.00
0.00
0.00
0.00
0.00
0.00
0.00
0.00
0.00
0.00
0.00
0.00
0.00
0.00
0.00
0.00
0.00
0.00
0.00
0.00
0.00
0.00
0.00
0.00
0.00
0.00
0.00
0.00
0.00
0.00
0.00
0.00
0.00
0.00
0.00
0.00
0.00
0.00
0.00
0.00
0.00
0.00
0.00
0.00
0.00
0.00
0.00
0.00
0.00
0.00
0.00
0.00
0.00
0.00
0.00
0.00
0.00
0.00
0.00
0.00
0.00
0.00
0.00
0.01
0.02
0.03
0.06
0.15
0.24
0.39
0.53
0.57
0.74
0.92
1.19
1.45
1.81
2.12
2.68
2.64
2.71
3.11
3.63
4.31
4.95
6.18
5.10
5.62
6.69
7.30
14.62
14.25
14.89
16.81
18.02
19.87
19.26
19.80
30.80
32.61
34.46
36.76
39.15
38.77
42.17
41.57
42.94
48.26
50.34
51.83
53.93
54.73
56.83
53.19
55.12
63.24
65.41
67.60
74.07
75.55
79.71
80.26
80.72
65.26
39.66
40.75
47.23
49.58
48.61
42.89
43.95
42.59
72.27
72.69
105.68
108.06
109.09
111.47
142.31
145.30
148.29
151.30
154.31
157.33
160.36
163.40
166.44
169.49
172.55
175.62
178.69
150.87
151.58
154.12
162.39
166.97
167.67
172.32
175.00
163.22
165.69
161.78
181.45
173.13
204.51
209.66
228.60
231.75
159.74
171.41
173.69
180.86
183.21
250.76
253.93
257.11
260.30
263.48
266.67
269.86
273.05
276.24
279.43
282.63
285.83
289.03
292.23
295.43
298.63
301.84
305.04
308.25
311.45
314.66
209.79
208.70
204.30
173.57
304.25
303.86
303.41
234.83
237.04
291.27
290.47
293.13
295.79
284.07
290.23
292.80
276.90
286.75
289.22
325.78
359.09
358.25
361.23
364.20
359.28
214.92
220.66
218.37
260.85
254.68
260.80
296.17
298.43
389.63
243.21
309.51
277.15
222.47
237.27
238.98
245.15
206.49
207.94
227.60
229.18
189.22
181.22
205.84
216.64
360.31
367.47
475.57
483.50
486.63
489.76
492.88
496.00
499.11
502.22
505.33
508.43
496.18
452.87
476.30
489.56
508.17
526.97
530.05
533.12
536.18
539.25
542.31
545.36
548.41
551.45
554.49
557.53
560.56
563.59
566.61
563.93
435.20
443.24
439.77
436.23
438.47
587.61
590.59
593.57
596.54
599.50
602.46
605.41
608.36
611.30
614.23
617.16
620.08
623.00
625.91
628.82
631.72
634.61
637.50
640.38
643.25
646.12
648.98
651.83
654.68
657.52
633.94
663.19
646.03
581.88
570.89
566.52
575.64
571.21
566.72
555.30
557.54
559.78
596.70
612.99
608.40
610.78
613.14
587.20
610.75
648.72
608.23
610.51
583.95
586.11
588.26
728.90
731.54
734.18
736.80
739.42
742.03
744.63
747.23
749.81
752.39
754.95
757.51
760.07
434.69
459.08
491.31
485.21
471.34
472.86
412.17
553.91
367.84
463.20
464.65
458.19
324.89
357.68
342.82
383.84
360.93
345.92
290.46
250.85
340.86
317.43
334.67
343.81
320.16
345.75
313.70
314.57
356.94
357.92
400.62
401.70
486.69
479.57
455.53
473.64
347.68
357.08
366.52
358.90
325.54
326.36
327.17
319.35
328.79
338.26
252.14
244.03
244.61
218.91
219.43
219.94
220.45
238.63
248.03
248.59
302.53
321.04
303.87
313.50
323.15
305.86
288.48
252.95
298.75
480.81
490.90
510.12
648.08
676.83
724.00
596.88
377.23
387.19
332.52
323.90
343.06
315.84
344.35
363.64
429.69
421.12
421.88
554.12
743.27
744.57
745.87
737.70
814.75
816.13
807.99
837.90
839.28
926.63
736.76
766.69
767.90
778.72
779.93
549.68
695.39
696.44
774.98
776.13
777.26
788.12
701.55
673.27
674.22
636.01
293.95
294.35
304.57
314.81
275.82
256.45
256.78
266.99
237.62
228.01
228.28
218.62
208.94
219.14
219.40
239.62
199.91
220.15
220.39
200.58
150.59
150.76
140.85
120.86
100.82
100.92
111.12
101.12
101.22
111.44
121.69
142.10
152.39
162.69
162.84
152.79
173.31
173.46
173.60
183.96
163.65
163.78
163.91
164.03
174.41
164.27
164.39
174.79
164.62
164.73
154.53
154.63
154.73
154.83
154.92
144.68
144.76
155.19
155.27
155.36
155.44
155.52
155.59
134.91
134.98
135.04
135.10
135.16
156.01
145.67
145.73
135.37
135.42
135.46
125.09
166.83
177.32
177.37
187.85
187.90
208.83
219.33
208.93
198.53
188.11
198.60
188.18
198.67
167.32
177.80
177.83
188.31
198.78
188.34
136.03
136.04
136.04
125.58
146.51
167.44
177.90
167.43
156.96
146.49
136.02
167.39
156.91
156.90
167.34
167.31
146.38
135.90
135.88
146.30
114.93
125.35
125.32
114.85
104.38
114.79
114.75
104.29
135.54
135.49
135.45
135.40
124.94
124.89
124.84
124.79
135.13
145.46
135.01
145.33
155.64
155.56
155.49
145.05
186.39
165.59
196.53
248.11
247.96
247.81
216.70
257.82
237.04
247.19
236.73
226.29
215.85
205.43
174.49
287.18
286.97
286.75
286.53
296.52
367.80
357.30
357.00
315.93
336.03
356.08
335.44
324.98
344.97
324.38
334.20
333.88
313.34
323.13
342.98
342.64
332.22
341.93
301.38
280.99
250.61
240.32
240.05
239.78
259.47
279.11
268.82
258.56
268.18
267.86
267.53
316.67
316.28
306.00
305.61
315.06
314.64
265.12
254.96
254.61
244.48
341.80
341.32
389.53
379.24
427.24
407.23
406.62
377.01
347.49
356.59
365.67
365.10
402.89
421.41
468.54
525.06
533.74
513.83
493.97
341.41
350.29
359.14
367.96
386.15
376.07
506.80
543.36
495.62
326.70
326.10
334.79
649.77
741.19
721.29
719.90
727.72
542.42
669.81
879.10
859.06
702.28
691.74
690.32
707.02
768.87
785.30
792.64
746.01
735.43
733.84
714.37
570.23
604.53
585.43
584.11
688.74
643.11
703.15
701.51
699.87
680.76
661.72
503.79
467.91
492.70
448.38
464.47
420.41
427.92
435.37
425.75
467.12
457.44
380.21
294.94
294.16
310.15
317.67
391.85
673.48
522.39
454.80
305.10
296.03
295.19
302.53
285.36
300.80
324.25
331.39
338.47
329.44
400.56
407.34
692.78
706.55
704.39
710.11
700.04
509.67
656.58
646.71
644.65
642.58
686.80
676.88
659.32
649.51
731.13
759.05
643.02
625.76
623.63
621.49
514.87
490.77
466.82
383.95
367.88
366.56
350.63
349.36
355.34
382.94
388.72
380.10
350.10
512.50
397.10
346.13
372.95
175.24
174.55
173.87
180.11
193.19
199.29
198.49
197.69
196.88
209.59
208.73
214.56
393.94
565.15
569.37
566.93
564.49
562.05
559.60
557.14
528.88
520.10
530.56
534.53
532.10
529.67
520.96
512.29
509.91
507.51
505.11
465.92
463.69
467.53
459.21
390.83
382.92
375.07
379.12
389.00
445.68
455.08
470.16
467.73
459.55
491.43
483.15
474.94
472.40
469.85
267.03
265.57
275.12
290.01
342.81
427.46
349.71
353.07
212.76
274.98
289.16
277.01
275.37
273.74
215.62
224.53
218.09
156.27
155.30
144.38
133.58
122.91
127.01
121.34
110.92
110.20
99.96
99.30
98.64
102.64
92.68
92.05
146.27
358.62
347.10
349.15
368.90
366.27
424.98
421.90
414.50
420.03
416.91
418.02
377.15
295.27
276.50
266.17
247.85
225.75
275.95
289.61
263.67
363.01
363.91
360.90
369.31
373.76
370.59
367.41
356.88
364.71
361.51
358.30
355.09
351.88
348.68
345.47
342.26
339.05
335.84
332.63
329.42
326.21
323.00
319.79
316.58
285.17
282.26
282.41
300.72
291.54
294.38
270.62
258.94
253.22
250.40
171.62
119.61
118.23
119.58
169.21
159.23
144.21
121.74
115.13
131.38
144.70
125.62
124.00
223.17
229.70
233.65
230.49
227.33
224.18
221.04
217.89
214.75
211.62
208.49
205.36
202.24
199.12
196.01
192.91
189.81
186.71
183.62
180.54
177.46
174.39
171.33
168.27
165.22
162.18
159.15
156.12
153.10
150.09
147.09
144.10
141.12
138.15
135.18
62.15
62.06
60.65
59.25
55.45
57.64
58.53
60.42
59.97
66.90
76.49
73.41
83.10
69.34
64.56
85.01
83.29
80.69
79.74
77.13
74.54
72.71
53.13
56.67
54.55
52.46
49.78
46.59
45.20
43.25
41.32
39.91
39.41
37.48
36.00
36.49
35.26
34.33
32.66
30.67
29.32
27.39
25.52
23.69
21.71
20.01
17.26
15.96
14.68
13.15
12.60
11.27
10.02
8.85
7.20
2.49
1.79
1.47
1.32
1.19
0.97
0.78
0.64
0.49
0.93
0.57
0.39
0.19
0.12
0.05
0.03
0.02
0.01
0.00
0.00
0.00
0.00
0.00
0.00
0.00
0.00
0.00
0.00
0.00
0.00
0.00
0.00
0.00
0.00
0.00
0.00
0.00
0.00
0.00
0.00
0.00
0.00
0.00
0.00
0.00
0.00
0.00
0.00
0.00
0.00
0.00
0.00
0.00
0.00
0.00
0.00
0.00
0.00
0.00
0.00
0.00
0.00
0.00
0.00
0.00
0.00
0.00
0.00
0.00
0.00
0.00
0.00
0.00
0.00
0.00
0.00
0.00
0.00
0.00
0.00
0.00
0.00
0.00
0.00
0.00
0.00
0.00
0.00
0.00
0.00
0.00
0.00
0.00
0.00
0.00
0.00
0.00
0.00
0.00
0.00
0.00
0.00
0.00
0.00
0.00
0.00
0.00
0.00
0.00
0.00
0.00
0.00
0.00
0.00
0.00
0.00
0.00
0.00
0.00
0.00
0.00
0.00
0.00
0.00
0.00
0.00
0.00
0.00
0.00
0.00
0.00
0.00
0.00
0.00
0.00
0.00
0.00
0.00
0.00
0.00
0.00
0.00
0.00
0.00
0.00
0.00
0.00
0.00
0.00
0.00
0.00
0.00
0.00
0.00
0.00
0.00
0.00
0.00
0.00
0.00
0.00
0.00
0.00
0.00
0.00
0.00
0.00
0.00
0.00
0.00
0.00
0.00
0.00
0.00
0.00
0.00
0.00
0.00
0.00
0.00
0.00
0.00
