31
31
31
31
31
31
31
31
31
31
31
31
31
31
31
31
31
31
31
31
31
31
31
31
31
31
31
31
31
254
254
254
254
254
254
254
254
254
254
254
254
254
254
254
254
254
254
254
254
254
254
31
31
31
31
31
31
31
31
31
31
31
31
31
229
229
229
229
229
229
229
229
229
229
229
229
229
229
229
229
229
229
229
229
31
31
31
31
31
31
31
31
31
31
31
31
31
31
31
31
31
31
31
31
31
31
31
254
254
254
254
254
254
254
254
254
254
254
254
254
254
254
254
254
254
254
254
254
254
31
31
229
229
229
229
229
229
229
229
229
229
229
229
229
229
229
229
229
229
229
229
31
31
31
31
31
31
31
31
31
31
31
31
31
31
31
31
31
31
31
31
31
31
31
31
31
31
31
31
31
31
254
254
254
254
254
254
254
254
254
254
254
254
254
254
254
254
254
254
254
254
254
452
229
229
229
229
229
229
229
229
229
229
229
229
229
229
229
229
229
229
229
66
66
79
79
79
79
79
79
31
31
31
31
31
31
31
31
31
31
31
31
31
31
31
31
31
31
31
31
31
31
31
31
31
31
31
31
31
31
31
31
31
31
31
31
31
31
31
254
254
254
254
254
254
254
254
254
254
254
254
254
254
254
254
254
254
452
452
452
452
229
229
229
229
229
229
229
229
229
229
229
229
229
229
229
229
31
31
31
31
31
31
31
31
31
31
31
31
31
31
31
31
31
31
31
31
31
31
31
31
31
31
31
31
31
31
31
31
31
31
31
31
31
31
254
254
254
254
254
254
254
254
254
254
254
254
254
254
254
254
254
254
254
254
254
254
31
31
229
229
229
229
229
229
229
229
229
229
229
229
229
229
229
229
229
229
229
229
31
31
31
31
31
31
31
31
31
31
31
31
31
31
31
31
31
31
31
31
31
31
31
31
31
31
31
31
31
31
31
31
31
31
31
31
31
31
31
31
31
31
31
31
31
31
31
31
31
31
31
31
31
229
229
229
229
229
229
229
229
229
229
229
229
229
229
229
229
229
229
229
229
31
31
31
31
31
31
31
31
254
254
254
254
254
254
254
254
254
254
254
254
254
254
254
254
254
254
254
254
254
254
31
31
31
31
31
31
31
31
31
31
31
31
31
31
31
31
31
31
31
31
31
31
31
31
31
31
31
31
31
31
31
31
31
31
31
31
31
31
31
31
31
31
31
31
31
31
31
31
31
31
31
31
31
31
31
31
31
31
79
302
302
302
302
2560
2560
2560
2560
2560
2560
2560
2560
2560
2560
2560
2560
2560
2560
2560
2560
2560
2560
2337
2337
2337
2337
2337
2337
2337
2337
2337
79
79
79
79
79
79
79
79
79
79
79
79
79
79
79
2106
2106
2106
2166
2364
2304
2304
2291
2291
2291
2291
2291
2291
2291
2291
2291
2291
2291
2256
2256
452
452
452
452
254
254
254
254
254
254
254
254
254
254
254
254
254
254
254
254
254
254
31
31
31
31
31
31
31
31
31
31
31
31
31
31
31
31
31
31
31
31
31
31
156
156
156
156
156
31
31
31
103
103
103
103
103
103
301
301
2284
2284
2284
2284
2284
2284
2284
2284
2284
2284
2284
2284
2284
2385
2385
2385
2385
2398
2200
2200
4013
2030
2030
217
217
217
217
217
217
217
217
440
440
440
440
440
440
440
440
440
440
440
440
440
440
440
440
440
440
428
428
428
428
205
205
205
205
205
205
205
205
205
205
205
205
205
205
403
403
403
403
403
403
314
314
314
314
301
301
301
301
301
301
301
478
478
301
103
103
103
103
103
103
103
103
103
103
280
280
103
103
103
103
103
103
103
103
103
103
103
280
280
103
103
103
103
103
103
103
103
103
103
103
280
280
598
598
598
598
598
31
31
31
31
254
254
254
254
254
289
289
289
289
289
289
289
289
414
414
414
414
414
414
414
414
414
191
191
191
191
191
389
389
389
389
389
389
389
389
389
389
389
389
389
389
389
389
389
389
389
2647
2449
2449
2449
2449
2449
2449
2462
2462
2462
2462
2462
2462
2462
2462
2462
2462
2462
2462
2462
2462
2462
2462
2462
2462
2462
2462
204
204
204
204
204
169
169
169
169
169
169
169
169
204
204
204
204
204
204
204
204
204
204
204
204
204
204
204
204
204
402
402
402
402
402
402
402
402
402
402
389
612
612
612
612
612
612
612
612
612
414
414
414
414
414
414
414
414
414
414
414
414
414
191
191
191
191
191
191
191
191
191
191
191
251
191
191
191
191
191
191
191
191
191
191
191
156
156
156
156
245
245
245
245
245
245
245
245
455
2762
2762
2762
2762
2762
2762
2762
2762
2762
2762
2762
2762
2762
2762
2762
2762
2762
2762
2762
2564
2564
2564
2564
2564
2599
2822
2822
2822
2822
2822
2822
2822
2822
2822
2822
2822
2822
2822
2835
2835
2835
2835
2835
2835
2835
2835
2835
2612
2612
2612
2612
2523
2523
2523
2523
2523
2523
2523
2523
2523
216
216
216
216
216
204
204
204
204
204
204
204
204
204
204
204
204
204
204
204
204
204
204
204
204
204
204
204
204
1142
1142
1142
204
402
402
402
402
367
354
354
354
354
354
354
577
577
577
577
577
577
612
672
672
474
474
494
1432
1287
1287
349
349
349
349
349
349
349
138
138
126
126
126
126
126
186
186
186
186
186
186
311
251
251
251
251
251
251
251
251
251
251
251
251
251
251
251
291
291
291
291
291
489
489
489
489
489
489
489
489
489
489
489
489
489
489
489
489
489
489
489
489
291
291
514
479
479
479
479
479
479
479
479
479
479
479
479
479
479
479
479
479
479
479
479
479
256
256
216
216
216
216
216
216
216
216
216
216
216
216
216
216
216
216
216
216
216
216
414
414
414
414
414
414
414
414
414
414
414
414
414
414
414
414
414
414
414
414
216
229
229
229
229
169
169
169
169
169
169
169
169
169
169
169
169
169
169
169
169
169
427
427
487
487
487
487
487
487
427
427
427
427
487
427
427
427
487
362
362
422
482
482
199
199
397
397
497
457
469
469
469
469
469
469
569
569
694
694
654
641
641
641
629
629
431
431
431
431
431
444
444
444
444
444
444
544
544
556
556
556
556
544
544
544
544
544
544
767
707
707
707
707
707
792
792
792
852
792
792
792
792
852
852
852
852
852
852
912
912
729
704
704
676
736
676
664
664
664
664
664
664
664
664
664
664
664
862
862
922
909
909
909
909
909
969
849
909
909
789
789
789
789
849
849
849
849
651
651
651
651
651
651
591
591
591
591
531
531
603
531
543
766
766
766
766
766
766
754
754
814
2627
2627
2627
754
754
754
754
754
694
694
694
754
754
616
616
651
651
651
771
711
711
711
711
711
711
909
909
909
921
921
921
921
921
921
909
909
909
909
969
