0.00
0.00
0.00
0.00
0.00
0.00
0.00
0.00
0.00
0.00
0.00
0.00
0.00
0.00
0.00
0.00
0.00
0.00
0.00
0.00
0.00
0.00
0.00
0.00
0.00
0.00
0.00
0.00
0.00
0.00
0.00
0.00
0.00
0.00
0.00
0.00
0.00
0.00
0.00
0.00
0.00
0.00
0.00
0.00
0.00
0.00
0.00
0.00
0.00
0.00
0.00
0.00
0.00
0.00
0.00
0.00
0.00
0.00
0.00
0.00
0.00
0.00
0.00
0.00
0.00
0.00
0.00
0.00
0.00
0.00
0.00
0.00
0.00
0.00
0.00
0.00
0.00
0.00
0.00
0.00
0.00
0.00
0.00
0.00
0.00
0.00
0.00
0.00
0.00
0.00
0.00
0.00
0.00
0.00
0.00
0.00
0.00
0.00
0.00
0.00
0.00
0.00
0.00
0.00
0.00
0.00
0.00
0.00
0.00
0.00
0.00
0.00
0.00
0.00
0.00
0.00
0.00
0.00
0.00
0.00
0.00
0.00
0.00
0.00
0.00
0.00
0.00
0.00
0.00
0.00
0.00
0.00
0.00
0.00
0.00
0.00
0.00
0.00
0.00
0.00
0.00
0.00
0.00
0.00
0.00
0.00
0.00
0.00
0.00
0.00
0.00
0.00
0.00
0.00
0.00
0.00
0.00
0.00
0.00
0.00
0.00
0.00
0.00
0.00
0.00
0.00
0.00
0.00
0.00
0.00
0.00
0.00
0.00
0.00
0.00
0.00
0.00
0.00
0.00
0.00
0.00
0.00
0.00
0.00
0.00
0.00
0.00
0.00
0.00
0.00
0.00
0.00
0.00
0.00
0.00
0.00
0.00
0.00
0.00
0.00
0.00
0.00
0.00
0.00
0.00
0.00
0.00
0.00
0.00
0.00
0.00
0.00
0.00
0.00
0.00
0.00
0.00
0.00
0.00
0.00
0.00
0.00
0.00
0.00
0.00
0.00
0.00
0.00
0.00
0.00
0.00
0.00
0.00
0.00
0.00
0.00
0.00
0.00
0.00
0.00
0.00
0.00
0.00
0.00
0.00
0.00
0.00
0.00
0.00
0.00
0.00
0.00
0.00
0.00
0.00
0.00
0.00
0.00
0.00
0.00
0.00
0.00
0.00
0.00
0.00
0.00
0.00
0.00
0.00
0.00
0.00
0.00
0.00
0.00
0.00
0.00
0.00
0.00
0.00
0.00
0.00
0.00
0.00
0.00
0.00
0.00
0.00
0.00
0.00
0.00
0.00
0.00
0.00
0.00
0.00
0.00
0.00
0.00
0.01
0.02
0.03
0.05
0.09
0.15
0.23
0.32
0.49
0.66
0.89
1.27
1.57
1.66
2.04
2.57
4.30
5.77
6.62
7.54
8.73
9.55
10.78
11.80
12.84
14.08
15.37
17.34
22.63
24.17
26.00
26.47
28.60
30.18
32.10
35.15
32.61
35.27
36.34
38.70
41.61
42.66
44.69
33.16
35.20
45.60
39.49
42.38
52.06
29.11
28.75
33.52
34.70
35.90
38.75
44.27
55.35
71.56
72.80
67.27
53.40
54.91
56.43
57.96
59.49
63.30
70.70
68.90
68.15
66.04
51.01
48.27
44.03
45.00
44.59
42.69
43.59
50.42
46.90
47.84
50.35
52.92
53.92
51.60
49.15
50.04
50.93
50.03
49.08
48.06
48.87
47.76
48.54
51.29
54.10
34.59
33.06
33.56
34.06
45.36
48.21
48.90
45.09
43.43
44.03
39.93
28.57
26.54
26.88
27.23
27.58
27.93
28.28
36.44
36.89
37.33
35.08
30.04
30.39
27.94
28.26
28.58
28.90
29.22
26.59
26.88
24.15
24.40
24.66
28.03
28.32
28.61
32.11
32.43
29.47
29.76
30.05
40.45
37.44
37.79
58.95
59.49
60.04
64.15
61.13
61.67
62.22
66.46
63.31
56.34
56.82
49.66
50.08
50.49
46.99
39.48
35.82
40.12
40.44
44.83
45.19
45.54
45.89
42.03
38.12
34.14
38.69
43.30
43.62
39.55
44.26
57.94
67.33
67.81
72.83
77.92
83.07
83.64
88.88
84.77
90.08
95.45
91.27
101.54
97.33
93.05
93.65
114.08
109.80
110.49
116.23
122.02
127.88
128.66
108.72
119.79
115.26
121.20
116.61
122.62
117.96
113.24
113.88
98.16
98.71
104.78
105.35
100.36
100.90
107.08
113.32
108.23
108.80
109.37
121.51
110.51
99.39
99.89
94.49
94.97
101.41
107.91
102.42
96.87
97.34
97.81
92.13
92.57
99.21
99.68
106.41
125.76
113.71
114.23
114.75
121.67
128.65
122.76
129.80
130.37
124.39
138.08
138.68
145.90
146.52
160.52
161.19
161.86
169.31
163.20
170.70
178.25
178.96
200.41
187.34
167.18
146.86
154.45
155.05
155.64
134.93
128.32
128.80
114.92
115.35
123.01
130.72
123.91
124.36
117.47
103.15
110.91
96.46
89.36
89.67
104.97
112.86
105.69
106.05
106.41
106.77
107.12
107.47
115.53
115.90
116.28
108.87
132.63
140.87
149.17
141.76
142.20
150.56
182.82
175.40
191.92
192.50
201.11
209.78
218.49
243.47
244.18
236.72
237.39
303.74
304.59
280.68
240.07
249.03
258.03
258.74
242.70
184.61
193.51
194.02
211.45
195.04
212.55
238.66
247.81
257.01
283.42
284.12
267.56
259.57
251.53
252.14
270.17
288.29
288.97
438.86
422.28
379.17
344.68
336.61
310.74
231.35
231.86
232.37
223.93
242.36
287.86
324.54
334.26
344.02
335.66
327.27
309.72
301.22
301.83
293.27
303.03
312.83
322.66
323.28
323.90
315.25
315.84
307.12
317.02
326.94
346.25
346.88
319.32
329.30
339.30
377.66
378.31
369.48
360.62
370.73
371.34
381.49
382.11
315.75
287.51
287.96
317.26
856.96
867.92
869.24
880.23
813.73
814.93
825.84
797.85
808.73
800.12
791.47
851.28
813.25
794.73
785.98
787.02
788.05
789.08
790.09
791.09
801.98
674.10
694.78
725.43
666.60
517.98
548.50
539.15
579.74
640.43
561.00
571.64
1003.96
1005.03
1006.09
1007.13
1008.16
1009.18
1010.18
1011.17
1012.15
1013.11
1014.06
1015.00
1015.92
1016.83
1017.73
977.87
978.70
897.90
898.64
878.93
879.63
890.55
880.99
881.66
872.06
852.16
852.77
843.08
915.68
916.30
659.34
525.75
526.09
557.38
702.31
713.06
661.77
662.14
797.07
870.00
891.18
798.32
788.35
799.11
934.46
924.49
571.57
623.80
644.86
697.14
718.23
479.00
479.17
427.23
406.53
375.38
365.06
198.23
198.29
198.34
187.95
167.11
156.70
156.73
167.21
167.24
146.36
135.93
167.32
167.35
177.83
198.77
198.78
188.34
188.35
188.36
177.90
177.91
177.91
188.37
177.90
167.43
167.43
167.42
177.87
188.32
188.30
219.66
219.63
219.60
219.57
219.53
219.49
240.35
240.30
240.25
229.75
114.85
114.82
125.22
125.19
114.72
104.26
104.22
83.35
93.74
93.70
93.67
62.42
62.40
62.37
72.73
72.70
83.05
83.01
82.97
82.93
82.88
103.55
93.14
82.75
72.36
82.65
92.93
92.87
103.13
113.37
113.30
102.93
113.14
123.34
112.99
123.17
112.82
112.74
122.89
122.80
143.15
143.03
153.13
163.20
173.25
173.10
162.78
193.13
192.96
202.93
192.60
202.55
202.35
222.37
222.15
221.93
231.78
211.41
211.19
200.92
190.67
190.46
190.26
190.04
199.82
199.59
199.36
199.13
188.95
188.72
188.49
188.26
197.92
197.67
227.03
226.74
226.45
245.81
245.49
245.16
244.82
244.48
244.14
253.55
243.45
233.38
242.75
252.09
261.40
270.68
260.61
240.94
230.95
230.59
220.63
440.56
411.17
400.96
400.30
380.61
389.48
644.88
615.38
652.13
632.13
150.69
141.03
122.01
112.42
102.86
102.68
111.81
102.30
111.39
101.91
101.72
101.52
110.54
91.94
91.76
82.42
82.25
82.08
72.82
90.83
90.64
81.41
81.24
72.06
71.90
71.75
71.59
71.44
80.19
97.79
97.57
79.65
88.30
79.29
105.47
114.00
113.73
113.46
130.60
130.29
129.97
121.01
163.83
172.03
368.93
359.45
358.54
332.08
322.74
321.90
380.21
379.21
361.40
360.44
376.19
291.81
291.01
281.92
256.34
247.38
213.80
213.20
228.94
244.60
243.89
324.25
307.14
330.41
321.40
272.38
255.59
254.82
261.98
253.26
260.37
243.83
250.91
250.13
249.33
264.07
263.22
262.37
261.52
253.00
236.88
274.17
280.85
287.47
278.95
368.17
748.78
746.19
743.59
740.99
738.37
735.75
733.12
730.49
727.84
725.19
722.53
719.86
717.18
714.49
711.80
709.10
706.39
703.67
700.95
698.22
695.48
692.74
600.28
591.01
581.79
613.51
611.01
601.74
599.25
596.75
667.70
664.88
662.06
659.23
643.26
647.01
650.69
647.84
644.97
642.10
639.23
636.34
595.45
271.14
251.06
281.14
292.26
328.03
308.00
294.27
292.86
291.45
386.71
318.68
335.06
244.09
242.87
235.76
228.70
256.71
313.44
311.82
298.71
485.72
483.15
486.24
517.39
509.01
545.19
553.28
550.24
547.19
544.14
541.08
538.02
534.96
531.89
528.82
525.74
522.66
519.57
516.48
513.39
510.29
502.12
504.09
460.90
443.10
440.33
447.38
444.54
422.28
429.20
436.00
437.90
397.19
403.94
405.90
398.53
391.22
411.39
431.25
378.66
376.00
364.46
366.27
363.64
361.01
319.51
312.88
289.29
270.23
264.01
241.21
243.49
262.08
235.66
221.71
219.96
206.30
204.64
199.07
185.83
180.45
182.75
188.77
198.39
200.41
198.68
364.71
361.51
358.30
355.09
351.88
348.68
345.47
342.26
339.05
335.84
332.63
329.42
326.21
323.00
319.79
316.58
313.38
310.17
306.96
303.76
252.47
249.77
247.08
93.10
92.08
91.06
84.41
86.23
85.24
70.66
72.52
69.00
62.93
59.58
58.84
58.11
44.91
46.80
48.63
47.99
47.36
109.81
103.72
97.75
94.16
90.62
91.51
92.34
88.88
85.48
82.14
80.90
79.65
119.57
113.82
127.17
132.57
123.03
122.77
108.25
116.84
171.33
149.76
150.35
149.21
146.41
142.07
139.32
135.08
132.38
83.58
81.85
77.36
85.16
75.37
71.11
72.02
83.94
106.07
103.52
104.43
92.87
90.50
81.77
81.66
51.29
47.91
49.39
71.02
68.90
66.81
64.72
61.03
54.31
58.57
53.61
52.43
51.20
47.98
46.77
38.85
35.53
34.04
42.72
40.81
39.43
27.36
28.22
15.49
14.68
13.88
16.63
18.99
19.41
18.47
21.09
16.59
14.93
14.03
13.14
12.62
11.71
11.43
10.63
10.08
8.79
7.82
8.58
7.13
6.18
5.20
4.71
3.95
3.27
2.67
2.13
1.66
1.28
0.96
0.72
0.50
0.33
0.21
0.12
0.07
0.03
0.01
0.00
0.00
0.00
0.00
0.00
0.00
0.00
0.00
0.00
0.00
0.00
0.00
0.00
0.00
0.00
0.00
0.00
0.00
0.00
0.00
0.00
0.00
0.00
0.00
0.00
0.00
0.00
0.00
0.00
0.00
0.00
0.00
0.00
0.00
0.00
0.00
0.00
0.00
0.00
0.00
0.00
0.00
0.00
0.00
0.00
0.00
0.00
0.00
0.00
0.00
0.00
0.00
0.00
0.00
0.00
0.00
0.00
0.00
0.00
0.00
0.00
0.00
0.00
0.00
0.00
0.00
0.00
0.00
0.00
0.00
0.00
0.00
0.00
0.00
0.00
0.00
0.00
0.00
0.00
0.00
0.00
0.00
0.00
0.00
0.00
0.00
0.00
0.00
0.00
0.00
0.00
0.00
0.00
0.00
0.00
0.00
0.00
0.00
0.00
0.00
0.00
0.00
0.00
0.00
0.00
0.00
0.00
0.00
0.00
0.00
0.00
0.00
0.00
0.00
0.00
0.00
0.00
0.00
0.00
0.00
0.00
0.00
0.00
0.00
0.00
0.00
0.00
0.00
0.00
0.00
0.00
0.00
0.00
0.00
0.00
0.00
0.00
0.00
0.00
0.00
0.00
0.00
0.00
0.00
0.00
0.00
0.00
0.00
0.00
0.00
0.00
0.00
0.00
0.00
0.00
0.00
0.00
0.00
0.00
0.00
0.00
0.00
0.00
0.00
