28
28
28
28
28
28
28
28
28
28
28
28
28
28
28
28
28
28
28
28
28
28
28
28
28
28
28
28
28
28
28
28
28
28
28
28
28
28
28
28
187
187
187
187
187
187
187
187
187
187
187
187
187
187
28
28
28
28
28
28
28
28
208
208
208
208
208
208
208
208
208
208
208
208
208
208
208
208
208
208
208
208
208
208
28
28
28
28
28
28
28
28
28
28
28
28
28
28
28
28
28
28
28
28
28
28
28
28
28
28
28
187
187
187
187
187
187
187
187
187
187
187
187
187
187
28
28
28
28
28
28
28
28
208
208
208
208
208
208
208
208
208
208
208
208
208
208
208
208
208
208
208
208
208
208
28
28
28
28
28
28
28
28
28
28
28
28
28
28
28
28
28
28
28
28
28
28
28
28
28
28
187
187
187
187
187
187
187
187
187
187
187
187
187
187
28
28
28
28
28
28
28
208
208
208
208
208
208
208
208
208
208
208
208
208
208
208
208
208
208
208
208
208
208
28
28
28
28
28
28
28
28
28
28
28
28
28
28
28
28
28
28
28
28
28
28
28
28
28
28
28
28
28
28
28
28
28
28
28
28
28
187
187
187
187
187
187
187
187
187
187
187
187
187
187
28
28
28
28
28
28
208
208
208
208
208
208
208
208
208
208
208
208
208
208
208
208
208
208
208
208
208
208
28
28
28
28
28
28
28
28
28
28
28
28
28
28
28
28
28
28
28
28
28
28
28
28
28
28
28
28
28
28
28
28
28
28
28
28
28
28
28
28
28
28
28
28
28
28
187
187
187
187
187
187
187
187
187
187
187
187
187
187
28
28
28
28
28
28
28
28
28
208
208
208
208
208
208
208
208
208
208
208
208
208
208
208
208
208
208
208
208
208
208
28
28
28
28
28
28
28
28
28
28
28
28
28
28
28
28
28
28
28
28
28
28
28
28
28
28
28
28
28
28
28
28
28
28
28
28
28
28
28
28
28
28
28
28
28
28
28
28
28
28
28
28
28
28
28
28
28
28
187
187
187
187
187
217
217
217
217
217
217
217
217
217
58
58
58
58
58
58
58
58
58
58
58
58
58
58
58
58
158
338
238
238
238
238
238
238
238
238
238
238
238
238
238
238
238
238
238
238
238
238
238
58
58
58
58
98
98
98
98
98
98
198
98
98
98
98
98
98
98
58
58
58
58
58
58
58
28
28
28
28
28
28
187
201
201
201
201
201
201
201
201
231
231
231
231
231
72
72
252
252
252
252
252
252
252
252
252
252
252
252
252
252
252
252
252
252
252
252
252
252
72
72
72
72
72
72
72
72
72
72
72
72
72
72
72
72
72
72
172
172
72
72
72
58
58
58
58
58
58
58
58
130
130
130
130
130
100
100
100
2083
2083
2242
2242
2242
2242
2242
2242
2242
2242
2242
2242
2242
2242
2242
2422
2263
2263
2263
2263
2263
280
280
280
280
280
280
280
280
280
280
280
280
280
280
280
280
100
100
100
100
100
100
100
100
100
100
130
130
130
130
130
130
1790
1790
1760
100
231
231
231
231
231
231
231
231
231
231
231
231
231
231
231
231
231
390
390
390
390
390
390
390
390
390
390
581
581
404
404
245
245
245
245
245
425
425
425
425
602
602
425
425
425
425
425
425
425
425
425
425
425
602
471
294
294
294
114
114
114
114
114
1774
1774
1774
291
291
609
609
595
595
595
28
28
28
28
28
28
28
28
28
28
28
28
28
28
28
28
28
28
28
187
187
187
187
187
187
187
187
187
187
187
187
187
187
28
208
208
208
222
322
322
322
322
322
322
322
322
322
322
322
322
322
322
322
322
308
308
128
128
128
259
259
128
128
128
128
128
128
128
128
128
128
128
2262
2262
2262
2262
2262
2262
2262
2262
2262
2262
2262
2262
2262
2262
2262
2262
2262
2262
2262
2421
187
187
187
187
187
187
187
187
187
187
187
187
187
28
28
208
208
208
208
208
208
208
208
208
208
208
208
208
208
208
1868
1868
1868
208
208
208
208
28
28
28
28
28
28
28
2162
2162
2162
2162
2162
2162
2162
2162
2162
2162
2162
2162
2162
2162
2162
2162
2162
2162
2162
2162
28
28
28
28
28
28
28
28
187
187
187
187
187
187
187
187
187
187
187
187
187
187
28
28
28
28
28
28
28
28
28
28
28
28
28
28
28
28
28
208
208
208
208
208
208
208
208
208
208
208
208
208
208
208
208
208
208
208
208
208
208
28
28
159
159
159
159
159
159
159
159
159
159
159
159
159
159
159
159
1371
1371
1371
1530
1530
1530
1530
1530
1530
1530
1530
1530
1530
1530
1530
1530
1530
1371
1371
1371
1371
1371
1371
1371
3031
3031
3031
1371
1371
1371
1371
1371
1371
1371
1371
1551
1551
1551
1551
3211
3211
3211
1551
1551
1551
1551
1551
1551
1551
1551
1551
1551
1551
1551
1551
1551
1551
1371
1371
1371
159
159
159
1371
1371
1371
1371
1371
1371
1371
1371
1371
1371
1371
1371
1371
1371
1371
1371
1371
1371
1371
1371
1371
1371
1371
1371
1371
1371
1371
1371
1371
1371
1371
1371
1371
1371
1371
1371
1371
1371
1371
1530
1530
1530
1530
1530
1530
1530
1710
1710
1710
1710
1710
1710
1710
1551
1551
1551
1551
1551
1551
1551
339
339
339
339
369
369
369
369
189
189
189
189
189
189
189
189
189
189
189
209
209
209
259
259
259
259
259
259
259
259
259
259
259
259
259
259
379
379
379
379
379
379
329
269
269
269
269
269
150
150
150
150
1969
1969
1969
489
489
489
477
477
477
477
477
608
608
608
449
449
449
449
449
449
449
449
2109
2109
2109
239
239
239
239
239
108
108
108
108
108
108
108
108
108
108
108
108
108
108
138
138
138
138
78
78
78
78
78
78
58
58
58
58
58
58
58
58
58
58
58
58
189
189
189
189
189
189
189
189
189
189
189
189
189
189
189
189
189
189
189
189
189
189
189
189
189
189
348
448
360
360
360
360
360
360
360
360
360
360
360
360
381
381
401
401
415
424
524
524
424
424
424
434
434
454
454
454
394
394
394
394
394
424
244
244
244
244
244
256
244
244
1904
1904
1904
244
244
244
244
344
304
304
244
244
244
244
232
232
232
232
244
299
299
299
299
299
299
299
299
299
458
558
526
526
577
517
503
503
503
503
515
503
403
403
244
244
244
244
244
244
244
244
344
356
344
509
444
444
504
504
504
504
518
538
478
478
448
448
448
448
448
448
448
488
257
257
157
157
157
157
157
157
337
208
208
208
208
208
208
208
208
208
208
208
208
208
208
208
208
208
208
208
208
208
28
187
187
187
187
187
187
187
187
187
187
187
187
187
187
28
28
28
28
42
42
42
102
102
42
42
42
42
42
42
54
54
54
154
154
154
154
154
154
154
154
154
154
154
142
142
192
372
372
