0.00
0.00
0.00
0.00
0.00
0.00
0.00
0.00
0.00
0.00
0.00
0.00
0.00
0.00
0.00
0.00
0.00
0.00
0.00
0.00
0.00
0.00
0.00
0.00
0.00
0.00
0.00
0.00
0.00
0.00
0.00
0.00
0.00
0.00
0.00
0.00
0.00
0.00
0.00
0.00
0.00
0.00
0.00
0.00
0.00
0.00
0.00
0.00
0.00
0.00
0.00
0.00
0.00
0.00
0.00
0.00
0.00
0.00
0.00
0.00
0.00
0.00
0.00
0.00
0.00
0.00
0.00
0.00
0.00
0.00
0.00
0.00
0.00
0.00
0.00
0.00
0.00
0.00
0.00
0.00
0.00
0.00
0.00
0.00
0.00
0.00
0.00
0.00
0.00
0.00
0.00
0.00
0.00
0.00
0.00
0.00
0.00
0.00
0.00
0.00
0.00
0.00
0.00
0.00
0.00
0.00
0.00
0.00
0.00
0.00
0.00
0.00
0.00
0.00
0.00
0.00
0.00
0.00
0.00
0.00
0.00
0.00
0.00
0.00
0.00
0.00
0.00
0.00
0.00
0.00
0.00
0.00
0.00
0.00
0.00
0.00
0.00
0.00
0.00
0.00
0.00
0.00
0.00
0.00
0.00
0.00
0.00
0.00
0.00
0.00
0.00
0.00
0.00
0.00
0.00
0.00
0.00
0.00
0.00
0.00
0.00
0.00
0.00
0.00
0.00
0.00
0.00
0.00
0.00
0.00
0.00
0.00
0.00
0.00
0.00
0.00
0.00
0.00
0.00
0.00
0.00
0.00
0.00
0.00
0.00
0.00
0.00
0.00
0.00
0.00
0.00
0.00
0.00
0.00
0.00
0.00
0.00
0.00
0.00
0.00
0.00
0.00
0.00
0.00
0.00
0.00
0.00
0.00
0.00
0.00
0.00
0.00
0.00
0.00
0.00
0.00
0.00
0.00
0.00
0.00
0.00
0.00
0.00
0.00
0.00
0.00
0.00
0.00
0.00
0.00
0.00
0.00
0.00
0.00
0.00
0.00
0.00
0.00
0.00
0.00
0.00
0.00
0.00
0.00
0.00
0.00
0.00
0.00
0.00
0.00
0.00
0.00
0.00
0.00
0.00
0.00
0.00
0.00
0.00
0.00
0.00
0.00
0.00
0.00
0.00
0.00
0.00
0.00
0.00
0.00
0.00
0.00
0.00
0.00
0.00
0.00
0.00
0.00
0.00
0.00
0.00
0.00
0.00
0.00
0.00
0.00
0.00
0.00
0.00
0.00
0.00
0.00
0.00
0.00
0.00
0.00
0.00
0.01
0.02
0.04
0.09
0.15
0.25
0.39
0.58
0.82
1.12
1.49
1.75
1.90
2.39
2.91
3.50
4.14
4.61
6.13
5.81
6.42
7.68
8.73
9.73
13.84
15.25
16.90
18.64
20.47
22.17
23.93
21.53
23.09
24.39
26.00
27.66
29.35
29.92
31.62
33.77
36.00
37.83
38.69
17.15
17.94
18.17
19.54
51.21
53.29
56.73
60.29
59.66
58.10
62.47
65.41
67.60
69.81
75.55
76.99
78.40
72.07
74.16
75.25
76.28
56.88
51.78
52.00
47.52
49.89
49.89
49.84
47.19
52.19
49.36
53.18
54.34
65.46
66.84
66.73
83.21
67.90
69.23
60.94
63.72
114.84
81.36
89.73
91.32
92.92
92.70
96.13
97.73
124.18
124.26
132.16
130.24
83.43
84.71
159.40
163.91
216.01
219.15
222.29
225.44
228.60
231.75
234.91
238.07
241.24
244.41
247.58
250.76
253.93
257.11
260.30
263.48
205.33
256.36
122.87
116.02
95.01
107.40
117.19
118.50
116.89
124.08
83.62
87.53
100.66
101.72
99.66
100.69
101.72
105.96
113.50
101.52
105.83
106.85
104.51
108.91
116.80
90.16
87.49
91.82
49.89
57.53
76.19
69.54
70.15
63.31
67.61
64.40
64.94
65.49
69.91
70.49
71.07
59.70
60.18
60.66
61.14
57.51
70.37
66.74
67.25
63.53
64.00
55.88
64.96
65.43
61.51
61.96
62.40
62.84
63.29
59.18
64.17
69.23
69.70
70.17
70.64
80.60
85.90
86.47
91.87
92.46
88.16
83.79
84.32
89.84
75.33
65.69
55.93
51.15
46.32
46.59
41.66
36.67
36.89
31.80
26.66
26.81
26.96
27.12
21.81
21.94
22.06
27.72
27.88
28.03
33.82
34.00
39.87
34.36
40.29
40.50
40.71
46.77
41.13
41.34
47.49
47.72
47.96
48.20
48.43
73.00
79.47
73.71
74.06
62.01
74.76
68.85
75.46
69.49
69.81
70.12
64.04
70.76
77.53
90.86
104.29
111.30
105.20
99.05
92.85
79.92
66.88
67.16
74.19
74.49
74.80
88.76
82.27
61.95
62.20
62.45
62.69
62.94
63.18
56.38
56.60
56.81
64.16
64.40
57.46
64.88
65.12
65.36
72.89
65.84
73.42
88.42
96.12
89.04
81.91
74.72
74.98
75.24
75.50
90.90
114.01
99.14
91.82
92.12
123.23
123.63
131.78
147.76
163.83
164.35
172.72
189.01
205.40
198.11
206.66
215.26
207.92
288.75
345.92
419.56
428.88
454.48
431.38
448.94
458.41
467.92
485.70
470.55
827.82
830.10
832.37
834.63
836.88
839.13
841.36
843.58
845.79
847.99
850.18
852.36
854.53
856.69
858.84
860.98
863.11
865.23
867.34
869.43
871.52
873.59
875.66
877.71
879.75
881.79
883.81
885.82
887.82
889.80
891.78
893.75
895.70
897.65
899.58
901.50
903.41
905.31
907.19
909.07
910.93
912.79
914.63
916.46
918.28
395.64
433.28
452.59
425.70
584.13
733.86
716.62
839.16
812.68
804.80
796.88
807.70
724.45
942.50
944.14
945.77
947.38
948.99
836.51
885.51
886.97
917.07
908.99
958.36
959.88
961.38
943.62
906.50
917.54
928.59
968.73
970.16
971.58
972.98
974.38
975.76
957.58
567.52
519.31
716.24
717.20
983.77
985.07
986.34
987.61
988.86
990.10
991.33
992.54
993.74
984.98
996.11
997.27
998.42
999.55
1000.68
1001.78
1002.88
1003.96
1005.03
1006.09
1007.13
1008.16
1009.18
1010.18
1011.17
1012.15
1013.11
1014.06
1015.00
1015.92
1016.83
1017.73
1018.61
1019.48
1020.34
1021.18
1022.01
1022.82
1023.62
1024.41
1025.19
1025.95
1026.70
1027.43
1028.15
1028.85
1029.55
1030.23
1030.89
1031.54
1032.18
1032.80
1033.41
1034.01
1034.59
1035.16
963.22
963.72
953.84
954.32
944.40
944.84
934.88
924.90
509.43
551.25
551.47
572.50
583.13
635.42
989.93
948.57
948.87
1022.17
1022.47
1033.19
970.83
981.52
971.31
689.47
867.25
856.97
857.13
784.09
491.44
481.05
303.31
303.35
282.46
282.48
272.04
565.05
554.61
565.10
481.39
397.67
376.74
397.67
397.66
408.10
408.08
397.59
408.02
418.44
732.19
711.18
627.43
606.42
606.32
658.48
647.90
804.49
783.42
825.01
824.81
761.97
720.02
584.20
792.61
792.36
812.95
802.26
749.90
697.57
645.26
645.01
634.35
602.90
758.49
685.46
654.00
664.06
632.63
580.48
994.60
983.72
962.49
703.37
847.69
847.20
846.70
846.18
845.65
834.81
782.77
854.30
894.86
894.24
893.61
892.97
882.05
860.90
870.48
787.95
787.32
817.34
806.47
999.60
1019.14
1018.26
1017.37
1016.47
1015.56
1014.63
1013.69
384.84
384.47
394.20
393.82
393.42
977.52
976.52
915.16
743.41
853.00
842.05
841.13
850.19
819.26
818.33
817.38
796.51
805.51
993.27
992.06
990.84
989.61
988.36
987.10
985.83
984.55
983.25
981.94
980.62
979.29
977.94
976.58
975.21
915.39
914.08
912.75
911.41
910.06
908.70
888.02
915.58
914.17
941.57
911.31
919.44
908.40
897.38
905.45
685.10
873.95
881.96
889.93
888.41
886.88
857.07
855.56
816.50
805.67
804.22
840.09
838.54
874.19
872.55
472.51
490.10
433.79
460.58
422.91
376.20
576.91
584.89
337.46
354.97
345.16
326.32
316.59
297.87
306.25
386.49
367.72
447.46
446.48
454.41
453.40
390.29
398.26
326.71
325.96
325.21
324.45
314.94
296.74
296.03
295.32
251.28
553.21
508.73
498.87
506.21
496.38
324.39
306.54
297.26
338.85
346.41
337.08
302.57
301.76
292.59
283.47
706.74
704.81
702.87
684.42
682.51
664.19
662.30
660.41
658.51
656.61
654.69
652.77
658.87
656.91
742.80
660.93
658.92
364.07
394.51
401.15
188.19
179.78
187.00
178.64
178.06
169.77
153.84
153.33
160.47
175.17
166.99
166.43
143.25
127.73
127.29
126.85
126.41
140.79
140.29
147.15
153.96
153.40
145.57
188.55
209.53
194.36
200.81
207.20
177.95
177.27
176.60
175.92
154.21
153.61
153.01
152.40
138.00
137.44
123.20
129.52
122.20
114.94
114.46
127.40
126.86
119.68
132.41
131.85
131.28
130.71
117.12
103.65
103.20
96.32
89.49
89.09
95.02
94.58
100.43
99.96
99.49
105.22
104.72
104.22
109.82
115.36
114.80
108.23
101.71
101.21
100.70
100.20
99.69
99.18
92.87
86.62
86.17
85.71
85.26
79.16
84.36
89.50
89.01
94.06
93.54
103.97
103.39
97.39
96.84
101.64
101.06
100.48
94.63
94.08
88.33
82.64
71.87
71.44
86.22
85.69
80.16
84.64
84.11
78.66
78.16
77.66
77.16
76.66
76.16
75.65
75.15
74.65
69.51
73.64
73.14
68.09
58.60
49.24
48.89
44.13
39.43
43.49
38.86
42.86
46.80
46.45
41.91
41.59
37.14
36.85
36.57
32.25
31.99
31.74
31.48
35.13
30.97
30.71
30.46
30.20
33.69
37.11
36.79
36.47
39.77
39.41
39.06
35.19
38.35
34.55
30.80
27.12
26.87
26.61
29.65
32.62
35.53
44.77
53.82
59.54
68.24
64.46
57.71
60.11
59.47
58.83
58.19
60.43
65.45
70.34
63.98
57.74
65.22
69.83
108.81
104.88
113.97
115.13
116.22
159.67
103.45
99.69
98.39
87.62
88.79
76.06
72.75
73.98
77.36
80.62
81.61
76.18
75.06
154.02
133.48
113.50
105.85
104.17
100.60
136.30
134.04
142.63
141.97
146.49
137.06
134.62
132.18
129.74
108.22
71.82
75.02
81.05
80.90
76.37
46.57
45.59
56.78
63.47
60.77
59.39
54.31
53.03
40.00
67.71
82.80
81.78
93.45
92.00
90.50
89.95
87.39
86.70
66.22
60.73
52.12
47.20
38.57
32.71
27.91
26.92
26.63
27.60
25.91
27.32
29.12
27.34
26.70
28.57
22.88
19.94
18.96
17.58
16.66
15.75
15.57
17.99
14.71
9.68
9.31
8.68
9.00
7.24
6.87
6.13
5.60
4.33
4.20
3.53
3.04
2.61
2.30
1.94
1.68
1.50
1.28
1.03
0.85
0.72
0.49
0.31
0.23
0.18
0.16
0.11
0.08
0.05
0.03
0.01
0.01
0.00
0.00
0.00
0.00
0.00
0.00
0.00
0.00
0.00
0.00
0.00
0.00
0.00
0.00
0.00
0.00
0.00
0.00
0.00
0.00
0.00
0.00
0.00
0.00
0.00
0.00
0.00
0.00
0.00
0.00
0.00
0.00
0.00
0.00
0.00
0.00
0.00
0.00
0.00
0.00
0.00
0.00
0.00
0.00
0.00
0.00
0.00
0.00
0.00
0.00
0.00
0.00
0.00
0.00
0.00
0.00
0.00
0.00
0.00
0.00
0.00
0.00
0.00
0.00
0.00
0.00
0.00
0.00
0.00
0.00
0.00
0.00
0.00
0.00
0.00
0.00
0.00
0.00
0.00
0.00
0.00
0.00
0.00
0.00
0.00
0.00
0.00
0.00
0.00
0.00
0.00
0.00
0.00
0.00
0.00
0.00
0.00
0.00
0.00
0.00
0.00
0.00
0.00
0.00
0.00
0.00
0.00
0.00
0.00
0.00
0.00
0.00
0.00
0.00
0.00
0.00
0.00
0.00
0.00
0.00
0.00
0.00
0.00
0.00
0.00
0.00
0.00
0.00
0.00
0.00
0.00
0.00
0.00
0.00
0.00
0.00
0.00
0.00
0.00
0.00
0.00
0.00
0.00
0.00
0.00
0.00
0.00
0.00
0.00
0.00
0.00
0.00
0.00
0.00
0.00
0.00
0.00
0.00
0.00
0.00
0.00
0.00
0.00
0.00
0.00
