0.00
0.00
0.00
0.00
0.00
0.00
0.00
0.00
0.00
0.00
0.00
0.00
0.00
0.00
0.00
0.00
0.00
0.00
0.00
0.00
0.00
0.00
0.00
0.00
0.00
0.00
0.00
0.00
0.00
0.00
0.00
0.00
0.00
0.00
0.00
0.00
0.00
0.00
0.00
0.00
0.00
0.00
0.00
0.00
0.00
0.00
0.00
0.00
0.00
0.00
0.00
0.00
0.00
0.00
0.00
0.00
0.00
0.00
0.00
0.00
0.00
0.00
0.00
0.00
0.00
0.00
0.00
0.00
0.00
0.00
0.00
0.00
0.00
0.00
0.00
0.00
0.00
0.00
0.00
0.00
0.00
0.00
0.00
0.00
0.00
0.00
0.00
0.00
0.00
0.00
0.00
0.00
0.00
0.00
0.00
0.00
0.00
0.00
0.00
0.00
0.00
0.00
0.00
0.00
0.00
0.00
0.00
0.00
0.00
0.00
0.00
0.00
0.00
0.00
0.00
0.00
0.00
0.00
0.00
0.00
0.00
0.00
0.00
0.00
0.00
0.00
0.00
0.00
0.00
0.00
0.00
0.00
0.00
0.00
0.00
0.00
0.00
0.00
0.00
0.00
0.00
0.00
0.00
0.00
0.00
0.00
0.00
0.00
0.00
0.00
0.00
0.00
0.00
0.00
0.00
0.00
0.00
0.00
0.00
0.00
0.00
0.00
0.00
0.00
0.00
0.00
0.00
0.00
0.00
0.00
0.00
0.00
0.00
0.00
0.00
0.00
0.00
0.00
0.00
0.00
0.00
0.00
0.00
0.00
0.00
0.00
0.00
0.00
0.00
0.00
0.00
0.00
0.00
0.00
0.00
0.00
0.00
0.00
0.00
0.00
0.00
0.00
0.00
0.00
0.00
0.00
0.00
0.00
0.00
0.00
0.00
0.00
0.00
0.00
0.00
0.00
0.00
0.00
0.00
0.00
0.00
0.00
0.00
0.00
0.00
0.00
0.00
0.00
0.00
0.00
0.00
0.00
0.00
0.00
0.00
0.00
0.00
0.00
0.00
0.00
0.00
0.00
0.00
0.00
0.00
0.00
0.00
0.00
0.00
0.00
0.00
0.00
0.00
0.00
0.00
0.00
0.00
0.00
0.00
0.00
0.00
0.00
0.00
0.00
0.00
0.00
0.00
0.00
0.00
0.00
0.00
0.00
0.00
0.00
0.00
0.00
0.00
0.00
0.00
0.00
0.00
0.00
0.00
0.00
0.00
0.00
0.00
0.00
0.00
0.00
0.00
0.00
0.00
0.00
0.00
0.00
0.00
0.01
0.02
0.04
0.09
0.15
0.25
0.39
0.58
0.82
1.12
0.98
1.85
2.17
2.69
3.28
3.94
4.98
5.78
6.70
7.69
8.84
10.09
11.32
12.49
13.54
14.45
15.84
14.80
17.55
17.87
19.04
17.59
15.49
15.96
19.58
27.32
28.99
31.46
32.02
33.34
20.70
23.64
28.28
29.62
36.42
37.47
48.56
55.53
57.79
62.07
61.68
63.98
65.55
67.09
69.40
72.55
74.92
77.31
82.43
84.00
86.49
89.98
93.55
94.05
95.52
100.26
103.99
105.48
110.48
111.96
100.93
104.57
93.93
100.06
91.37
100.32
89.65
92.99
86.01
89.26
69.44
113.28
97.82
124.18
93.21
106.78
108.71
112.40
105.43
110.88
109.07
110.89
110.81
120.37
100.60
108.20
99.71
99.17
90.19
97.92
90.72
87.66
88.92
90.18
96.01
81.11
79.87
85.71
89.26
87.99
89.13
92.78
93.96
92.56
96.31
105.39
109.33
97.15
92.84
91.16
95.01
107.40
105.76
98.27
102.28
100.45
101.53
105.64
106.76
104.80
102.78
97.54
92.18
93.11
220.51
245.62
208.34
207.03
222.50
207.60
192.38
187.25
188.98
190.71
181.75
179.79
170.51
131.76
136.60
130.34
131.46
125.01
133.71
154.09
151.48
137.07
134.24
131.34
132.40
133.45
134.50
135.56
136.61
129.32
126.10
135.52
140.81
150.45
151.57
148.31
162.57
181.45
178.29
206.49
203.42
195.74
187.93
193.84
181.22
177.77
188.38
170.68
171.80
172.93
454.49
447.70
450.58
414.02
421.60
424.24
421.87
424.48
427.08
460.38
458.02
460.77
463.52
471.50
474.27
514.14
527.79
487.93
280.41
282.00
289.04
548.41
551.45
554.49
557.53
560.56
563.59
566.61
569.62
572.63
575.64
578.64
581.64
584.63
587.61
590.59
593.57
596.54
599.50
602.46
605.41
608.36
611.30
614.23
617.16
620.08
623.00
625.91
628.82
631.72
634.61
242.25
262.55
270.17
335.98
356.94
404.14
399.36
453.69
250.94
185.69
193.14
173.89
174.62
242.79
270.89
244.80
252.63
233.09
227.15
234.97
298.35
313.46
349.66
358.04
415.81
410.34
511.33
591.69
593.92
596.15
591.16
586.11
326.81
335.29
453.56
455.19
361.03
384.50
408.12
402.10
343.72
344.91
346.10
339.73
348.46
296.43
289.79
604.46
621.81
616.15
618.15
488.37
653.25
655.33
649.58
667.33
661.54
663.59
641.86
635.88
637.81
655.73
657.70
635.52
637.40
639.27
649.25
651.13
653.01
654.87
656.73
353.99
346.72
355.96
348.64
391.21
392.28
418.44
318.87
378.61
354.30
693.55
686.87
697.15
681.89
683.63
685.36
678.49
671.57
759.54
865.23
867.34
869.43
810.51
873.59
875.66
877.71
879.75
881.79
883.81
885.82
887.82
889.80
820.44
822.25
806.13
754.02
755.65
414.69
397.50
425.49
408.24
409.08
473.69
502.03
530.48
742.33
734.62
736.07
728.28
729.69
740.35
741.75
650.26
586.33
456.88
420.35
421.12
412.50
432.02
432.79
348.72
387.10
406.68
407.38
531.43
522.82
666.51
486.40
458.54
478.41
488.76
873.49
865.24
866.59
867.92
965.83
967.28
968.73
970.16
971.58
972.98
808.73
809.88
801.24
792.57
793.66
745.68
746.68
757.51
758.50
749.62
750.58
751.54
742.58
733.58
754.33
576.37
636.76
607.63
468.72
539.15
599.73
490.33
470.84
501.44
491.94
582.92
744.51
1007.13
1008.16
1009.18
1010.18
1011.17
1012.15
1013.11
1014.06
1015.00
1015.92
1016.83
1017.73
1018.61
1019.48
1020.34
1021.18
1022.01
490.96
491.34
491.72
533.10
533.49
338.81
328.78
329.01
339.52
360.34
628.44
680.39
680.82
650.27
660.99
537.38
496.33
486.26
766.02
725.00
715.02
528.76
404.55
425.50
436.08
477.83
446.86
426.26
447.24
447.42
458.00
458.17
437.50
437.65
427.38
437.94
427.64
459.07
459.20
469.76
459.43
605.76
668.58
741.86
773.36
773.50
595.91
501.90
554.26
554.33
543.94
648.61
795.14
784.74
920.82
962.72
1046.48
1046.50
1046.51
1046.51
1046.49
1046.46
1046.42
1046.36
1046.29
1046.20
1046.10
1045.98
1045.85
1045.71
1045.55
1045.38
1045.20
1045.00
1044.79
1044.56
1044.32
1044.06
1043.80
1043.51
1043.22
1001.19
1000.88
927.60
927.28
864.46
864.15
832.60
811.47
811.14
779.61
820.84
810.08
809.71
508.42
549.66
518.29
486.94
445.26
413.97
403.40
361.82
371.94
351.07
371.49
453.76
494.70
504.68
535.22
421.72
421.42
410.85
400.30
389.75
379.21
378.92
378.62
357.87
378.02
377.71
377.40
407.65
437.85
457.82
457.41
467.16
334.83
334.52
334.20
323.76
313.34
313.03
353.07
382.95
392.62
372.10
321.47
301.06
270.66
260.35
240.05
249.78
249.49
249.20
248.91
238.67
258.25
257.94
307.16
376.05
464.53
483.68
473.20
443.05
481.79
490.97
460.89
342.75
381.40
380.87
390.08
399.27
408.42
427.24
455.71
445.35
512.35
521.23
510.80
500.39
499.61
498.82
517.18
545.04
553.70
648.11
656.56
512.97
644.88
586.98
491.46
462.31
518.01
545.30
581.88
590.20
645.24
700.07
885.13
827.69
835.42
778.25
776.77
775.28
782.99
855.01
853.32
705.11
703.70
693.16
582.52
635.82
652.64
696.50
695.04
774.63
772.97
780.28
787.53
634.00
775.16
755.66
753.97
752.26
750.55
748.83
738.31
727.82
717.36
724.39
731.38
738.31
736.52
691.51
689.81
645.10
557.69
573.41
546.35
621.59
611.50
550.62
540.74
539.32
411.83
419.12
526.67
608.62
606.97
257.05
248.07
239.14
238.47
573.99
547.83
635.95
593.48
372.89
290.97
290.12
305.33
448.62
407.34
406.11
396.94
387.81
370.84
369.69
352.85
343.92
342.83
326.21
332.90
316.39
323.05
345.00
336.22
319.87
235.30
226.95
226.18
225.41
217.15
253.70
223.08
237.12
273.20
272.23
278.59
248.37
247.47
210.30
223.98
230.35
215.15
228.64
213.54
219.82
226.04
260.36
266.36
258.34
459.02
505.70
496.79
460.44
410.67
422.64
475.23
412.43
410.72
415.71
400.62
664.88
662.06
659.23
656.39
653.54
650.69
647.84
632.07
629.26
626.44
617.25
633.45
630.56
627.66
624.75
621.84
618.92
523.59
521.10
585.72
595.03
592.14
583.24
580.37
547.72
491.67
483.31
475.00
478.41
470.16
473.50
471.04
468.57
466.10
203.54
202.46
201.37
178.02
188.11
187.08
186.04
201.33
205.61
215.21
219.33
223.39
222.10
352.25
360.63
379.29
356.37
359.37
367.41
248.52
252.04
225.44
418.21
425.48
462.13
488.51
485.38
482.25
479.12
475.98
468.11
469.70
466.55
463.41
460.25
457.10
453.94
450.78
447.62
444.46
441.29
438.12
434.95
431.78
428.60
399.90
422.24
410.68
407.56
379.67
397.21
373.80
403.12
399.92
396.73
393.53
390.34
387.14
383.94
380.74
377.53
374.33
371.13
367.92
364.71
361.51
358.30
355.09
351.88
348.68
345.47
342.26
339.05
335.84
332.63
329.42
300.11
293.93
188.68
177.29
172.36
158.19
144.27
154.92
150.28
184.36
188.25
194.93
201.42
219.10
241.96
222.52
134.73
127.73
126.23
130.04
128.48
124.33
150.95
144.02
144.70
147.79
143.45
136.78
127.88
98.13
96.81
106.85
62.77
64.10
67.55
68.72
133.32
116.75
121.16
123.37
109.52
94.09
90.67
87.31
78.42
95.48
92.08
88.73
88.94
114.79
106.01
102.44
116.77
111.40
137.39
143.92
142.59
129.44
131.13
135.47
132.62
129.78
119.01
112.48
109.93
106.16
102.45
99.99
97.54
95.11
67.60
65.84
62.02
84.47
82.12
94.99
92.23
89.49
86.76
84.06
81.37
78.71
76.06
73.44
70.85
68.27
65.72
63.20
60.71
58.24
55.80
50.72
48.47
45.75
43.59
41.45
39.35
36.49
31.88
35.39
33.32
31.30
29.32
27.39
25.52
23.69
20.39
19.00
18.01
15.62
14.83
13.57
12.22
11.27
10.02
8.85
7.75
6.72
5.78
4.91
4.12
3.41
2.78
1.51
1.15
0.64
0.48
0.36
0.25
0.17
0.11
0.06
0.05
0.03
0.01
0.00
0.00
0.00
0.00
0.00
0.00
0.00
0.00
0.00
0.00
0.00
0.00
0.00
0.00
0.00
0.00
0.00
0.00
0.00
0.00
0.00
0.00
0.00
0.00
0.00
0.00
0.00
0.00
0.00
0.00
0.00
0.00
0.00
0.00
0.00
0.00
0.00
0.00
0.00
0.00
0.00
0.00
0.00
0.00
0.00
0.00
0.00
0.00
0.00
0.00
0.00
0.00
0.00
0.00
0.00
0.00
0.00
0.00
0.00
0.00
0.00
0.00
0.00
0.00
0.00
0.00
0.00
0.00
0.00
0.00
0.00
0.00
0.00
0.00
0.00
0.00
0.00
0.00
0.00
0.00
0.00
0.00
0.00
0.00
0.00
0.00
0.00
0.00
0.00
0.00
0.00
0.00
0.00
0.00
0.00
0.00
0.00
0.00
0.00
0.00
0.00
0.00
0.00
0.00
0.00
0.00
0.00
0.00
0.00
0.00
0.00
0.00
0.00
0.00
0.00
0.00
0.00
0.00
0.00
0.00
0.00
0.00
0.00
0.00
0.00
0.00
0.00
0.00
0.00
0.00
0.00
0.00
0.00
0.00
0.00
0.00
0.00
0.00
0.00
0.00
0.00
0.00
0.00
0.00
0.00
0.00
0.00
0.00
0.00
0.00
0.00
0.00
0.00
0.00
0.00
0.00
0.00
0.00
0.00
0.00
0.00
0.00
0.00
0.00
