51
51
51
51
51
51
51
51
51
51
51
51
51
51
51
51
51
51
51
51
51
51
51
51
51
51
51
51
51
51
51
51
51
51
51
51
51
51
51
51
51
51
51
51
51
51
51
51
51
51
51
51
51
51
51
51
51
51
51
51
51
51
51
51
51
51
51
51
51
51
221
221
221
221
221
221
221
221
221
221
221
221
221
221
221
221
221
221
221
221
221
221
51
51
51
51
51
51
51
51
51
51
51
51
51
51
51
51
51
51
51
51
51
51
51
51
51
51
51
51
51
51
51
51
51
51
51
51
51
51
51
51
51
51
51
51
51
51
51
51
51
51
221
221
221
221
221
221
221
221
221
221
221
221
221
221
221
221
221
221
221
221
221
221
51
51
51
51
51
51
51
51
51
51
51
51
51
51
51
51
51
51
51
51
51
51
51
51
51
51
51
51
51
51
51
51
51
51
51
51
107
107
147
147
147
647
647
782
782
782
782
782
782
782
782
822
822
822
822
822
51
51
51
51
51
51
51
51
51
51
51
51
51
51
51
51
51
51
51
221
221
221
221
221
221
221
221
221
221
221
221
221
221
221
221
221
221
221
221
221
221
51
51
51
51
51
51
51
51
51
51
51
51
51
51
51
51
51
51
51
51
51
51
51
51
51
51
51
51
51
51
51
51
51
51
51
51
51
51
51
51
51
51
51
51
51
51
51
51
51
221
221
221
221
221
221
221
221
221
221
221
221
221
221
221
221
221
221
221
221
221
221
51
51
51
51
51
51
51
51
186
186
186
246
246
246
246
246
246
246
246
2198
2198
2198
246
246
246
246
246
246
246
246
246
246
246
246
186
186
186
186
186
186
186
186
186
186
186
186
186
186
186
186
186
186
186
186
527
527
527
587
246
246
246
746
746
686
686
686
686
856
856
856
856
856
869
869
869
869
869
869
869
869
869
869
869
869
869
869
869
869
869
699
699
699
699
699
699
699
699
699
699
699
699
699
699
699
699
699
699
699
699
699
699
699
699
699
699
699
699
699
699
699
699
699
699
699
699
699
699
699
699
699
699
699
686
686
686
686
686
686
686
686
697
697
697
697
697
697
697
697
697
697
697
697
697
697
697
697
697
697
697
697
697
813
813
813
813
813
843
727
897
897
897
897
897
897
897
897
897
897
897
897
897
897
897
897
897
897
897
897
897
897
727
727
727
727
727
727
2589
2589
2589
2589
2589
2589
2589
2589
2589
2589
2589
2589
2589
2589
2589
2589
2589
2578
2578
2578
716
716
716
716
716
716
716
716
716
716
716
716
716
716
716
716
716
716
886
886
886
899
899
869
869
869
869
869
869
869
869
869
869
869
869
1210
1210
1210
1210
869
699
699
699
699
699
699
699
699
699
699
699
699
699
699
699
699
699
699
699
699
771
771
771
271
271
271
271
612
2595
2595
2595
2254
2254
2254
2254
2254
2254
2254
2254
2119
2119
2106
2106
2106
2106
2276
2276
2276
2276
293
293
293
293
293
293
293
293
293
293
293
293
293
293
293
293
293
293
123
464
464
464
464
123
123
123
123
123
123
123
153
153
153
153
153
153
153
153
153
153
153
153
153
2116
2116
2116
164
164
164
164
164
164
164
164
164
164
164
164
164
164
164
164
164
341
341
164
164
164
334
334
334
334
334
334
334
334
511
511
334
334
334
334
334
334
334
334
334
334
334
511
341
164
164
164
164
164
214
214
214
214
214
214
391
361
679
629
629
629
629
62
62
62
62
62
62
62
51
2003
2003
2003
51
51
51
51
51
51
51
51
51
51
51
51
51
51
221
221
221
221
221
221
221
221
221
221
221
221
221
221
221
221
221
221
221
221
221
221
51
51
51
51
51
51
51
167
91
91
91
104
104
104
104
104
104
104
104
104
104
104
104
104
64
64
64
64
64
64
124
124
124
124
124
124
124
124
124
196
196
196
196
196
196
196
196
2179
2179
2179
2349
2349
2349
2349
2349
2349
2349
2349
2349
2349
2349
2349
2349
2349
2349
2349
2349
2349
366
366
366
353
183
183
183
183
183
183
183
183
183
183
183
183
524
524
524
524
183
183
183
183
183
183
183
183
183
194
194
310
310
310
250
250
250
250
250
250
250
250
250
250
250
250
250
250
250
250
250
250
250
250
250
250
250
250
250
420
420
420
420
597
597
420
420
420
420
420
420
304
304
304
304
304
481
481
304
304
304
134
134
134
134
134
134
134
134
311
427
250
250
250
250
250
250
250
250
250
250
250
416
416
734
734
734
734
734
167
51
51
51
51
51
51
51
51
51
51
51
51
51
51
51
51
51
51
51
51
51
51
51
51
51
51
51
51
51
51
221
221
221
221
230
230
221
221
221
221
221
221
221
221
337
337
337
337
337
337
337
337
167
167
167
167
167
167
167
167
167
167
167
167
167
167
167
227
167
167
167
167
167
167
167
167
167
167
167
167
167
167
167
167
167
167
167
167
167
197
197
197
197
197
197
197
197
1229
1229
1229
197
197
197
197
197
197
197
197
197
197
197
197
197
197
367
367
367
367
367
367
367
367
367
367
367
367
367
251
251
251
251
251
1283
1283
1283
311
141
141
141
141
141
141
141
141
141
141
141
141
154
154
154
154
154
154
94
94
94
94
94
94
94
94
64
64
64
2016
2016
2016
64
64
64
64
180
180
180
180
180
180
180
180
180
180
180
180
180
180
350
350
350
350
350
350
350
350
350
350
234
234
234
234
234
234
234
234
2186
2186
2186
234
51
51
51
51
51
51
51
2033
2033
2149
197
197
197
197
197
197
197
197
197
197
197
197
197
197
197
197
257
197
208
208
208
208
208
208
208
208
208
208
208
208
208
208
208
208
208
208
378
378
378
378
378
378
378
378
378
378
378
378
378
378
378
378
378
378
378
378
378
378
208
208
208
208
1240
1240
1240
208
208
208
208
208
178
178
178
178
178
178
178
178
191
251
251
286
286
331
331
322
282
282
282
392
392
441
581
511
511
471
411
411
411
411
411
411
411
411
411
411
411
411
451
451
476
476
476
476
476
476
476
420
420
420
420
420
420
420
420
420
420
420
420
420
420
420
420
450
350
520
520
520
557
517
517
577
577
577
577
487
487
543
2655
2655
2595
221
221
221
221
221
221
51
51
51
51
197
253
253
253
253
253
253
253
253
333
333
833
833
833
833
833
833
833
833
833
813
813
813
813
813
753
793
793
793
753
753
753
753
753
813
813
313
324
268
268
268
268
268
268
268
268
268
268
268
268
268
268
268
768
268
238
238
238
278
278
51
51
51
51
51
51
51
51
51
51
51
51
51
221
221
221
221
221
221
221
221
221
221
221
221
221
221
221
221
221
